car,charge_time,charger_fid,charger_id,destination_fid,from_charger_id,kind,last_charger_id,msg,t,to_charger_id,waited,walking_dist_m
Car 0,,,,34,,arrived,,arrived,3.9909057407753945,,,
Car 0,,14,19,,,start_charge,,starting to charge at Charger 19 (fid=14),3.9909057407753945,,0.0,
Car 1,,,,51,,arrived,,arrived,6.189962053842947,,,
Car 1,,15,20,,,start_charge,,starting to charge at Charger 20 (fid=15),6.189962053842947,,0.0,
Car 2,,,,7,,arrived,,arrived,9.298336248144617,,,
Car 2,,7,12,,,start_charge,,starting to charge at Charger 12 (fid=7),9.298336248144617,,0.0,
Car 3,,,,57,,arrived,,arrived,14.16288538424607,,,
Car 3,,14,19,,,start_charge,,starting to charge at Charger 19 (fid=14),14.16288538424607,,0.0,
Car 4,,,,78,,arrived,,arrived,23.76349455664086,,,
Car 4,,10,15,,,start_charge,,starting to charge at Charger 15 (fid=10),23.76349455664086,,0.0,
Car 5,,,,21,,arrived,,arrived,24.09546086910449,,,
Car 5,,308440,0,,,start_charge,,starting to charge at Charger 0 (fid=308440),24.09546086910449,,0.0,
Car 6,,,,37,,arrived,,arrived,55.07730258526313,,,
Car 6,,4,10,,,start_charge,,starting to charge at Charger 10 (fid=4),55.07730258526313,,0.0,
Car 2,56.0,7,12,,,done,,done charging,65.29833624814462,,,61.257881433004776
Car 7,,,,83,,arrived,,arrived,66.37099754589181,,,
Car 7,,307904,2,,,start_charge,,starting to charge at Charger 2 (fid=307904),66.37099754589181,,0.0,
Car 8,,,,20,,arrived,,arrived,70.35987175712214,,,
Car 8,,308440,0,,,start_charge,,starting to charge at Charger 0 (fid=308440),70.35987175712214,,0.0,
Car 9,,,,83,,arrived,,arrived,73.31569054141906,,,
Car 5,52.0,308440,0,,,done,,done charging,76.09546086910449,,,55.536708431710515
Car 10,,,,78,,arrived,,arrived,76.60095860648701,,,
Car 10,,10,15,,,start_charge,,starting to charge at Charger 15 (fid=10),76.60095860648701,,0.0,
Car 9,,,,,2,switch,,"Charger 2 (fid=307904) not available, trying Charger 3 (fid=307905)",78.31569054141906,3,,
Car 9,,307905,3,,,start_charge,,starting to charge at Charger 3 (fid=307905),78.57931672298312,,5.0,
Car 0,75.0,14,19,,,done,,done charging,78.99090574077539,,,65.59748458020216
Car 11,,,,14,,arrived,,arrived,92.2008004904888,,,
Car 11,,14,19,,,start_charge,,starting to charge at Charger 19 (fid=14),92.2008004904888,,0.0,
Car 1,95.0,15,20,,,done,,done charging,101.18996205384295,,,222.1114232837758
Car 4,82.0,10,15,,,done,,done charging,105.76349455664086,,,124.59413079072937
Car 12,,,,62,,arrived,,arrived,105.9097561503263,,,
Car 12,,11,16,,,start_charge,,starting to charge at Charger 16 (fid=11),105.9097561503263,,0.0,
Car 13,,,,8,,arrived,,arrived,108.02714108974851,,,
Car 13,,8,13,,,start_charge,,starting to charge at Charger 13 (fid=8),108.02714108974851,,0.0,
Car 3,96.0,14,19,,,done,,done charging,110.16288538424607,,,82.77156543806248
Car 9,48.0,307905,3,,,done,,done charging,126.57931672298312,,,295.14643277908164
Car 14,,,,67,,arrived,,arrived,131.6061370811544,,,
Car 14,,308702,1,,,start_charge,,starting to charge at Charger 1 (fid=308702),131.6061370811544,,0.0,
Car 15,,,,26,,arrived,,arrived,132.86402595473498,,,
Car 15,,308440,0,,,start_charge,,starting to charge at Charger 0 (fid=308440),132.86402595473498,,0.0,
Car 7,67.0,307904,2,,,done,,done charging,133.3709975458918,,,293.78557470507144
Car 16,,,,50,,arrived,,arrived,138.59099743797213,,,
Car 16,,3,9,,,start_charge,,starting to charge at Charger 9 (fid=3),138.59099743797213,,0.0,
Car 8,78.0,308440,0,,,done,,done charging,148.35987175712214,,,50.493192664305695
Car 10,78.0,10,15,,,done,,done charging,154.600958606487,,,124.59413079072937
Car 11,69.0,14,19,,,done,,done charging,161.2008004904888,,,32.794480220061665
Car 17,,,,28,,arrived,,arrived,168.02687031257796,,,
Car 17,,308702,1,,,start_charge,,starting to charge at Charger 1 (fid=308702),168.02687031257796,,0.0,
Car 6,113.0,4,10,,,done,,done charging,168.07730258526314,,,131.70605267379972
Car 18,,,,86,,arrived,,arrived,168.3991408021394,,,
Car 18,,91,8,,,start_charge,,starting to charge at Charger 8 (fid=91),168.3991408021394,,0.0,
Car 19,,,,21,,arrived,,arrived,169.73520292670517,,,
Car 19,,307904,2,,,start_charge,,starting to charge at Charger 2 (fid=307904),169.73520292670517,,0.0,
Car 20,,,,71,,arrived,,arrived,175.64853788568362,,,
Car 20,,14,19,,,start_charge,,starting to charge at Charger 19 (fid=14),175.64853788568362,,0.0,
Car 21,,,,88,,arrived,,arrived,185.20309515809532,,,
Car 21,,91,8,,,start_charge,,starting to charge at Charger 8 (fid=91),185.20309515809532,,0.0,
Car 12,82.0,11,16,,,done,,done charging,187.9097561503263,,,138.34156660858244
Car 13,92.0,8,13,,,done,,done charging,200.0271410897485,,,51.031920891441445
Car 16,76.0,3,9,,,done,,done charging,214.59099743797213,,,259.51105596595494
Car 19,45.0,307904,2,,,done,,done charging,214.73520292670517,,,174.17594233762279
Car 22,,,,18,,arrived,,arrived,216.3511130231928,,,
Car 22,,14,19,,,start_charge,,starting to charge at Charger 19 (fid=14),216.3511130231928,,0.0,
Car 23,,,,61,,arrived,,arrived,217.6185361447878,,,
Car 23,,3,9,,,start_charge,,starting to charge at Charger 9 (fid=3),217.6185361447878,,0.0,
Car 14,88.0,308702,1,,,done,,done charging,219.6061370811544,,,192.27447817342818
Car 24,,,,47,,arrived,,arrived,223.91368253272307,,,
Car 24,,308702,1,,,start_charge,,starting to charge at Charger 1 (fid=308702),223.91368253272307,,0.0,
Car 17,56.0,308702,1,,,done,,done charging,224.02687031257796,,,137.88208426744325
Car 25,,,,34,,arrived,,arrived,231.27890147948082,,,
Car 26,,,,8,,arrived,,arrived,232.80304508167197,,,
Car 26,,8,13,,,start_charge,,starting to charge at Charger 13 (fid=8),232.80304508167197,,0.0,
Car 25,,,,,19,switch,,"Charger 19 (fid=14) not available, trying Charger 0 (fid=308440)",236.27890147948082,0,,
Car 25,,308440,0,,,start_charge,,starting to charge at Charger 0 (fid=308440),237.8732959413459,,5.0,
Car 15,109.0,308440,0,,,done,,done charging,241.86402595473498,,,120.13448663969935
Car 27,,,,62,,arrived,,arrived,245.36077243592342,,,
Car 27,,11,16,,,start_charge,,starting to charge at Charger 16 (fid=11),245.36077243592342,,0.0,
Car 28,,,,54,,arrived,,arrived,250.66741045444707,,,
Car 28,,,,,19,switch,,"Charger 19 (fid=14) not available, trying Charger 16 (fid=11)",255.66741045444707,16,,
Car 28,,11,16,,,start_charge,,starting to charge at Charger 16 (fid=11),257.89734269138427,,5.0,
Car 29,,,,70,,arrived,,arrived,268.41527325510873,,,
Car 21,84.0,91,8,,,done,,done charging,269.2030951580953,,,98.71822250440441
Car 30,,,,124,,arrived,,arrived,270.3572265426249,,,
Car 30,,308440,0,,,start_charge,,starting to charge at Charger 0 (fid=308440),270.3572265426249,,0.0,
Car 29,,,,,19,switch,,"Charger 19 (fid=14) not available, trying Charger 0 (fid=308440)",273.41527325510873,0,,
Car 29,,,,,0,switch,,"Charger 0 (fid=308440) not available, trying Charger 16 (fid=11)",280.0096677169738,16,,
Car 31,,,,7,,arrived,,arrived,280.3020873909884,,,
Car 31,,7,12,,,start_charge,,starting to charge at Charger 12 (fid=7),280.3020873909884,,0.0,
Car 26,50.0,8,13,,,done,,done charging,282.80304508167194,,,51.031920891441445
Car 18,115.0,91,8,,,done,,done charging,283.3991408021394,,,102.33951502200442
Car 29,,,,,16,switch,,"Charger 16 (fid=11) not available, trying Charger 18 (fid=13)",287.9855180216182,18,,
Car 29,,13,18,,,start_charge,,starting to charge at Charger 18 (fid=13),292.585285981581,,15.0,
Car 20,118.0,14,19,,,done,,done charging,293.6485378856836,,,75.23888181770415
Car 32,,,,63,,arrived,,arrived,296.0753018339945,,,
Car 32,,4,10,,,start_charge,,starting to charge at Charger 10 (fid=4),296.0753018339945,,0.0,
Car 33,,,,31,,arrived,,arrived,309.6792363672965,,,
Car 33,,14,19,,,start_charge,,starting to charge at Charger 19 (fid=14),309.6792363672965,,0.0,
Car 25,74.0,308440,0,,,done,,done charging,311.8732959413459,,,162.7338673552642
Car 23,99.0,3,9,,,done,,done charging,316.6185361447878,,,140.0749914334876
Car 34,,,,45,,arrived,,arrived,318.01474437439947,,,
Car 35,,,,37,,arrived,,arrived,318.30669578596434,,,
Car 35,,4,10,,,start_charge,,starting to charge at Charger 10 (fid=4),318.30669578596434,,0.0,
Car 34,,,,,16,switch,,"Charger 16 (fid=11) not available, trying Charger 11 (fid=6)",323.01474437439947,11,,
Car 24,100.0,308702,1,,,done,,done charging,323.9136825327231,,,150.86806658959517
Car 36,,,,18,,arrived,,arrived,324.83676258790393,,,
Car 34,,6,11,,,start_charge,,starting to charge at Charger 11 (fid=6),325.1791405078527,,5.0,
Car 37,,,,8,,arrived,,arrived,325.86258103759843,,,
Car 37,,8,13,,,start_charge,,starting to charge at Charger 13 (fid=8),325.86258103759843,,0.0,
Car 22,110.0,14,19,,,done,,done charging,326.3511130231928,,,34.928788170641425
Car 36,,14,19,,,start_charge,,starting to charge at Charger 19 (fid=14),326.3511130231928,,1.5143504352888613,
Car 38,,,,71,,arrived,,arrived,330.5023425199651,,,
Car 39,,,,75,,arrived,,arrived,332.8583321752232,,,
Car 39,,15,20,,,start_charge,,starting to charge at Charger 20 (fid=15),332.8583321752232,,0.0,
Car 30,63.0,308440,0,,,done,,done charging,333.3572265426249,,,54.93268712686712
Car 40,,,,10,,arrived,,arrived,334.3420081011535,,,
Car 40,,10,15,,,start_charge,,starting to charge at Charger 15 (fid=10),334.3420081011535,,0.0,
Car 38,,,,,19,switch,,"Charger 19 (fid=14) not available, trying Charger 0 (fid=308440)",335.5023425199651,0,,
Car 41,,,,32,,arrived,,arrived,335.93474833139936,,,
Car 38,,308440,0,,,start_charge,,starting to charge at Charger 0 (fid=308440),337.0967369818302,,5.0,
Car 28,80.0,11,16,,,done,,done charging,337.89734269138427,,,163.187739945764
Car 41,,,,,19,switch,,"Charger 19 (fid=14) not available, trying Charger 0 (fid=308440)",340.93474833139936,0,,
Car 41,,308440,0,,,start_charge,,starting to charge at Charger 0 (fid=308440),342.52914279326444,,5.0,
Car 27,104.0,11,16,,,done,,done charging,349.3607724359234,,,138.34156660858244
Car 31,70.0,7,12,,,done,,done charging,350.3020873909884,,,61.257881433004776
Car 42,,,,4,,arrived,,arrived,350.8826452934181,,,
Car 42,,6,11,,,start_charge,,starting to charge at Charger 11 (fid=6),350.8826452934181,,0.0,
Car 43,,,,5,,arrived,,arrived,351.929050211105,,,
Car 43,,5,5,,,start_charge,,starting to charge at Charger 5 (fid=5),351.929050211105,,0.0,
Car 44,,,,73,,arrived,,arrived,352.9390343927274,,,
Car 44,,9,14,,,start_charge,,starting to charge at Charger 14 (fid=9),352.9390343927274,,0.0,
Car 45,,,,2,,arrived,,arrived,354.5322173648812,,,
Car 45,,2,7,,,start_charge,,starting to charge at Charger 7 (fid=2),354.5322173648812,,0.0,
Car 46,,,,37,,arrived,,arrived,362.56867126692117,,,
Car 47,,,,77,,arrived,,arrived,362.5943081443349,,,
Car 47,,1,6,,,start_charge,,starting to charge at Charger 6 (fid=1),362.5943081443349,,0.0,
Car 48,,,,91,,arrived,,arrived,362.77931994021077,,,
Car 48,,91,8,,,start_charge,,starting to charge at Charger 8 (fid=91),362.77931994021077,,0.0,
Car 49,,,,33,,arrived,,arrived,363.6966145224105,,,
Car 50,,,,5,,arrived,,arrived,366.05876632307155,,,
Car 50,,5,5,,,start_charge,,starting to charge at Charger 5 (fid=5),366.05876632307155,,0.0,
Car 32,70.0,4,10,,,done,,done charging,366.0753018339945,,,108.3704539833791
Car 46,,4,10,,,start_charge,,starting to charge at Charger 10 (fid=4),366.0753018339945,,3.50663056707333,
Car 49,,,,,19,switch,,"Charger 19 (fid=14) not available, trying Charger 0 (fid=308440)",368.6966145224105,0,,
Car 51,,,,11,,arrived,,arrived,370.6523816097934,,,
Car 51,,11,16,,,start_charge,,starting to charge at Charger 16 (fid=11),370.6523816097934,,0.0,
Car 52,,,,61,,arrived,,arrived,371.7344096599989,,,
Car 52,,3,9,,,start_charge,,starting to charge at Charger 9 (fid=3),371.7344096599989,,0.0,
Car 53,,,,37,,arrived,,arrived,372.16023697034376,,,
Car 54,,,,37,,arrived,,arrived,373.7321664143259,,,
Car 55,,,,15,,arrived,,arrived,374.2450301895195,,,
Car 49,,,,,0,switch,,"Charger 0 (fid=308440) not available, trying Charger 16 (fid=11)",375.2910089842756,16,,
Car 56,,,,124,,arrived,,arrived,376.578290097581,,,
Car 57,,,,8,,arrived,,arrived,376.8259926969731,,,
Car 57,,8,13,,,start_charge,,starting to charge at Charger 13 (fid=8),376.8259926969731,,0.0,
Car 53,,,,,10,switch,,"Charger 10 (fid=4) not available, trying Charger 5 (fid=5)",377.16023697034376,5,,
Car 49,,11,16,,,start_charge,,starting to charge at Charger 16 (fid=11),378.26685928892,,10.0,
Car 54,,,,,10,switch,,"Charger 10 (fid=4) not available, trying Charger 5 (fid=5)",378.7321664143259,5,,
Car 58,,,,44,,arrived,,arrived,379.24013419498453,,,
Car 58,,308702,1,,,start_charge,,starting to charge at Charger 1 (fid=308702),379.24013419498453,,0.0,
Car 55,,,,,19,switch,,"Charger 19 (fid=14) not available, trying Charger 0 (fid=308440)",379.2450301895195,0,,
Car 59,,,,9,,arrived,,arrived,379.8640197223041,,,
Car 59,,9,14,,,start_charge,,starting to charge at Charger 14 (fid=9),379.8640197223041,,0.0,
Car 60,,,,5,,arrived,,arrived,380.57059592532937,,,
Car 60,,2,7,,,start_charge,,starting to charge at Charger 7 (fid=2),380.57059592532937,,0.0,
Car 61,,,,61,,arrived,,arrived,381.3498452764411,,,
Car 61,,3,9,,,start_charge,,starting to charge at Charger 9 (fid=3),381.3498452764411,,0.0,
Car 56,,,,,0,switch,,"Charger 0 (fid=308440) not available, trying Charger 19 (fid=14)",381.578290097581,19,,
Car 53,,,,,5,switch,,"Charger 5 (fid=5) not available, trying Charger 14 (fid=9)",383.04863701873177,14,,
Car 54,,,,,5,switch,,"Charger 5 (fid=5) not available, trying Charger 14 (fid=9)",384.6205664627139,14,,
Car 62,,,,61,,arrived,,arrived,384.7676793844395,,,
Car 55,,,,,0,switch,,"Charger 0 (fid=308440) not available, trying Charger 11 (fid=6)",385.8394246513846,11,,
Car 63,,,,52,,arrived,,arrived,387.54112513021056,,,
Car 63,,1,6,,,start_charge,,starting to charge at Charger 6 (fid=1),387.54112513021056,,0.0,
Car 56,,,,,19,switch,,"Charger 19 (fid=14) not available, trying Charger 18 (fid=13)",388.17268455944605,18,,
Car 64,,,,37,,arrived,,arrived,388.27440516689956,,,
Car 38,52.0,308440,0,,,done,,done charging,389.0967369818302,,,103.02087371671979
Car 62,,,,,9,switch,,"Charger 9 (fid=3) not available, trying Charger 14 (fid=9)",389.7676793844395,14,,
Car 56,,13,18,,,start_charge,,starting to charge at Charger 18 (fid=13),391.3909966766296,,10.0,
Car 53,,,,,14,switch,,"Charger 14 (fid=9) not available, trying Charger 16 (fid=11)",391.7020759270366,16,,
Car 65,,,,10,,arrived,,arrived,392.0773076927653,,,
Car 65,,10,15,,,start_charge,,starting to charge at Charger 15 (fid=10),392.0773076927653,,0.0,
Car 54,,,,,14,switch,,"Charger 14 (fid=9) not available, trying Charger 16 (fid=11)",393.27400537101875,16,,
Car 64,,,,,10,switch,,"Charger 10 (fid=4) not available, trying Charger 5 (fid=5)",393.27440516689956,5,,
Car 66,,,,32,,arrived,,arrived,393.5117390150035,,,
Car 55,,,,,11,switch,,"Charger 11 (fid=6) not available, trying Charger 16 (fid=11)",395.0079556402374,16,,
Car 67,,,,65,,arrived,,arrived,396.92592450772185,,,
Car 68,,,,51,,arrived,,arrived,397.5810447323942,,,
Car 68,,15,20,,,start_charge,,starting to charge at Charger 20 (fid=15),397.5810447323942,,0.0,
Car 29,105.0,13,18,,,done,,done charging,397.585285981581,,,242.4254740110145
Car 69,,,,45,,arrived,,arrived,397.95989890746114,,,
Car 66,,,,,19,switch,,"Charger 19 (fid=14) not available, trying Charger 0 (fid=308440)",398.5117390150035,0,,
Car 62,,,,,14,switch,,"Charger 14 (fid=9) not available, trying Charger 16 (fid=11)",398.8554326856548,16,,
Car 42,48.0,6,11,,,done,,done charging,398.8826452934181,,,155.83829843806083
Car 64,,,,,5,switch,,"Charger 5 (fid=5) not available, trying Charger 14 (fid=9)",399.16280521528756,14,,
Car 53,,,,,16,switch,,"Charger 16 (fid=11) not available, trying Charger 13 (fid=8)",399.23199849486923,13,,
Car 66,,308440,0,,,start_charge,,starting to charge at Charger 0 (fid=308440),400.1061334768686,,5.0,
Car 54,,,,,16,switch,,"Charger 16 (fid=11) not available, trying Charger 13 (fid=8)",400.80392793885136,13,,
Car 70,,,,4,,arrived,,arrived,401.8375128876911,,,
Car 70,,6,11,,,start_charge,,starting to charge at Charger 11 (fid=6),401.8375128876911,,0.0,
Car 67,,,,,10,switch,,"Charger 10 (fid=4) not available, trying Charger 13 (fid=8)",401.92592450772185,13,,
Car 55,,,,,16,switch,,"Charger 16 (fid=11) not available, trying Charger 2 (fid=307904)",402.17235177369065,2,,
Car 69,,,,,16,switch,,"Charger 16 (fid=11) not available, trying Charger 11 (fid=6)",402.95989890746114,11,,
Car 71,,,,46,,arrived,,arrived,404.81656085942774,,,
Car 71,,308702,1,,,start_charge,,starting to charge at Charger 1 (fid=308702),404.81656085942774,,0.0,
Car 72,,,,84,,arrived,,arrived,405.90973447957657,,,
Car 72,,91,8,,,start_charge,,starting to charge at Charger 8 (fid=91),405.90973447957657,,0.0,
Car 55,,307904,2,,,start_charge,,starting to charge at Charger 2 (fid=307904),405.99081039896765,,20.0,
Car 62,,,,,16,switch,,"Charger 16 (fid=11) not available, trying Charger 20 (fid=15)",406.38535525348743,20,,
Car 43,55.0,5,5,,,done,,done charging,406.929050211105,,,33.65698085203282
Car 53,,,,,13,switch,,"Charger 13 (fid=8) not available, trying Charger 1 (fid=308702)",407.6411487803652,1,,
Car 64,,,,,14,switch,,"Charger 14 (fid=9) not available, trying Charger 16 (fid=11)",407.8162441235924,16,,
Car 73,,,,17,,arrived,,arrived,408.75553911807725,,,
Car 54,,,,,13,switch,,"Charger 13 (fid=8) not available, trying Charger 1 (fid=308702)",409.2130782243473,1,,
Car 40,75.0,10,15,,,done,,done charging,409.3420081011535,,,26.679364814732487
Car 67,,,,,13,switch,,"Charger 13 (fid=8) not available, trying Charger 5 (fid=5)",409.3912293270942,5,,
Car 41,67.0,308440,0,,,done,,done charging,409.52914279326444,,,138.7101154122966
Car 69,,,,,11,switch,,"Charger 11 (fid=6) not available, trying Charger 14 (fid=9)",410.1242950409144,14,,
Car 33,101.0,14,19,,,done,,done charging,410.6792363672965,,,39.60289460187397
Car 73,,14,19,,,start_charge,,starting to charge at Charger 19 (fid=14),410.6792363672965,,1.9236972492192308,
Car 37,86.0,8,13,,,done,,done charging,411.86258103759843,,,51.031920891441445
Car 67,,5,5,,,start_charge,,starting to charge at Charger 5 (fid=5),412.32659726671386,,10.0,
Car 39,80.0,15,20,,,done,,done charging,412.8583321752232,,,87.94678521548677
Car 62,,15,20,,,start_charge,,starting to charge at Charger 20 (fid=15),412.8583321752232,,15.931031827558172,
Car 74,,,,27,,arrived,,arrived,413.7556667467094,,,
Car 74,,308440,0,,,start_charge,,starting to charge at Charger 0 (fid=308440),413.7556667467094,,0.0,
Car 75,,,,55,,arrived,,arrived,414.25890609183944,,,
Car 34,90.0,6,11,,,done,,done charging,415.1791405078527,,,176.09454725946887
Car 64,,,,,16,switch,,"Charger 16 (fid=11) not available, trying Charger 13 (fid=8)",415.346166691425,13,,
Car 76,,,,43,,arrived,,arrived,417.2842559005407,,,
Car 53,,,,,1,switch,,"Charger 1 (fid=308702) not available, trying Charger 15 (fid=10)",417.4903027043532,15,,
Car 64,,8,13,,,start_charge,,starting to charge at Charger 13 (fid=8),418.755316976921,,20.0,
Car 54,,,,,1,switch,,"Charger 1 (fid=308702) not available, trying Charger 15 (fid=10)",419.06223214833534,15,,
Car 75,,,,,19,switch,,"Charger 19 (fid=14) not available, trying Charger 0 (fid=308440)",419.25890609183944,0,,
Car 69,,,,,14,switch,,"Charger 14 (fid=9) not available, trying Charger 9 (fid=3)",419.5402280384649,9,,
Car 77,,,,11,,arrived,,arrived,419.83673245032674,,,
Car 78,,,,5,,arrived,,arrived,420.5637879803739,,,
Car 79,,,,59,,arrived,,arrived,421.09125151759844,,,
Car 79,,7,12,,,start_charge,,starting to charge at Charger 12 (fid=7),421.09125151759844,,0.0,
Car 80,,,,40,,arrived,,arrived,422.2121510888911,,,
Car 76,,,,,1,switch,,"Charger 1 (fid=308702) not available, trying Charger 5 (fid=5)",422.2842559005407,5,,
Car 81,,,,52,,arrived,,arrived,422.45354199986014,,,
Car 82,,,,45,,arrived,,arrived,422.6878315753275,,,
Car 53,,10,15,,,start_charge,,starting to charge at Charger 15 (fid=10),423.1058135809943,,30.0,
Car 83,,,,15,,arrived,,arrived,423.31623751094406,,,
Car 84,,,,37,,arrived,,arrived,423.56037142673546,,,
Car 77,,,,,16,switch,,"Charger 16 (fid=11) not available, trying Charger 11 (fid=6)",424.83673245032674,11,,
Car 78,,,,,5,switch,,"Charger 5 (fid=5) not available, trying Charger 10 (fid=4)",425.5637879803739,10,,
Car 85,,,,78,,arrived,,arrived,425.82613279193345,,,
Car 75,,,,,0,switch,,"Charger 0 (fid=308440) not available, trying Charger 16 (fid=11)",425.8533005537045,16,,
Car 47,64.0,1,6,,,done,,done charging,426.5943081443349,,,226.10647638976275
Car 81,,1,6,,,start_charge,,starting to charge at Charger 6 (fid=1),426.5943081443349,,4.140766144474753,
Car 77,,6,11,,,start_charge,,starting to charge at Charger 11 (fid=6),427.00112858378,,5.0,
Car 80,,,,,9,switch,,"Charger 9 (fid=3) not available, trying Charger 14 (fid=9)",427.2121510888911,14,,
Car 86,,,,80,,arrived,,arrived,427.33639545806517,,,
Car 82,,,,,16,switch,,"Charger 16 (fid=11) not available, trying Charger 11 (fid=6)",427.6878315753275,11,,
Car 87,,,,20,,arrived,,arrived,428.1862575933549,,,
Car 83,,,,,20,switch,,"Charger 20 (fid=15) not available, trying Charger 9 (fid=3)",428.31623751094406,9,,
Car 84,,,,,10,switch,,"Charger 10 (fid=4) not available, trying Charger 5 (fid=5)",428.56037142673546,5,,
Car 69,,,,,9,switch,,"Charger 9 (fid=3) not available, trying Charger 15 (fid=10)",428.6279813396802,15,,
Car 88,,,,37,,arrived,,arrived,428.9784320920039,,,
Car 54,,,,,15,switch,,"Charger 15 (fid=10) not available, trying Charger 19 (fid=14)",429.67774302497645,19,,
Car 89,,,,30,,arrived,,arrived,430.1202162782258,,,
Car 90,,,,90,,arrived,,arrived,430.1740226291973,,,
Car 85,,,,,15,switch,,"Charger 15 (fid=10) not available, trying Charger 14 (fid=9)",430.82613279193345,14,,
Car 76,,,,,5,switch,,"Charger 5 (fid=5) not available, trying Charger 10 (fid=4)",430.83936925796064,10,,
Car 78,,,,,10,switch,,"Charger 10 (fid=4) not available, trying Charger 13 (fid=8)",431.4521880287619,13,,
Car 91,,,,32,,arrived,,arrived,431.48491228852436,,,
Car 49,54.0,11,16,,,done,,done charging,432.26685928892,,,223.1079001134245
Car 75,,11,16,,,start_charge,,starting to charge at Charger 16 (fid=11),432.26685928892,,13.437708430571092,
Car 86,,,,,19,switch,,"Charger 19 (fid=14) not available, trying Charger 0 (fid=308440)",432.33639545806517,0,,
Car 92,,,,4,,arrived,,arrived,432.475010505446,,,
Car 60,52.0,2,7,,,done,,done charging,432.57059592532937,,,214.13464108720677
Car 87,,,,,0,switch,,"Charger 0 (fid=308440) not available, trying Charger 19 (fid=14)",433.1862575933549,19,,
Car 44,81.0,9,14,,,done,,done charging,433.9390343927274,,,173.15604487774573
Car 80,,9,14,,,start_charge,,starting to charge at Charger 14 (fid=9),433.9390343927274,,7.639130002620959,
Car 88,,,,,10,switch,,"Charger 10 (fid=4) not available, trying Charger 5 (fid=5)",433.9784320920039,5,,
Car 84,,,,,5,switch,,"Charger 5 (fid=5) not available, trying Charger 14 (fid=9)",434.44877147512346,14,,
Car 93,,,,76,,arrived,,arrived,434.5117299730245,,,
Car 82,,,,,11,switch,,"Charger 11 (fid=6) not available, trying Charger 14 (fid=9)",434.85222770878073,14,,
Car 94,,,,66,,arrived,,arrived,434.91515844200654,,,
Car 95,,,,3,,arrived,,arrived,434.9435190803258,,,
Car 50,69.0,5,5,,,done,,done charging,435.05876632307155,,,33.65698085203282
Car 88,,5,5,,,start_charge,,starting to charge at Charger 5 (fid=5),435.05876632307155,,5.191934182679631,
Car 89,,,,,1,switch,,"Charger 1 (fid=308702) not available, trying Charger 18 (fid=13)",435.1202162782258,18,,
Car 90,,,,,8,switch,,"Charger 8 (fid=91) not available, trying Charger 7 (fid=2)",435.1740226291973,7,,
Car 91,,,,,1,switch,,"Charger 1 (fid=308702) not available, trying Charger 18 (fid=13)",436.48491228852436,18,,
Car 76,,,,,10,switch,,"Charger 10 (fid=4) not available, trying Charger 18 (fid=13)",436.72776930634865,18,,
Car 83,,,,,9,switch,,"Charger 9 (fid=3) not available, trying Charger 12 (fid=7)",436.7477627629304,12,,
Car 90,,2,7,,,start_charge,,starting to charge at Charger 7 (fid=2),437.001013816226,,5.0,
Car 89,,13,18,,,start_charge,,starting to charge at Charger 18 (fid=13),437.30340721608616,,5.0,
Car 96,,,,59,,arrived,,arrived,437.3397880740506,,,
Car 96,,7,12,,,start_charge,,starting to charge at Charger 12 (fid=7),437.3397880740506,,0.0,
Car 85,,,,,14,switch,,"Charger 14 (fid=9) not available, trying Charger 13 (fid=8)",437.36104414815003,13,,
Car 97,,,,24,,arrived,,arrived,437.42005418455113,,,
Car 92,,,,,11,switch,,"Charger 11 (fid=6) not available, trying Charger 16 (fid=11)",437.475010505446,16,,
Car 98,,,,77,,arrived,,arrived,437.6046152194126,,,
Car 69,,,,,15,switch,,"Charger 15 (fid=10) not available, trying Charger 19 (fid=14)",438.22800526193953,19,,
Car 35,120.0,4,10,,,done,,done charging,438.30669578596434,,,131.70605267379972
Car 78,,,,,13,switch,,"Charger 13 (fid=8) not available, trying Charger 1 (fid=308702)",438.91749284813426,1,,
Car 86,,,,,0,switch,,"Charger 0 (fid=308440) not available, trying Charger 11 (fid=6)",438.93078991993025,11,,
Car 93,,,,,8,switch,,"Charger 8 (fid=91) not available, trying Charger 7 (fid=2)",439.5117299730245,7,,
Car 54,,,,,19,switch,,"Charger 19 (fid=14) not available, trying Charger 11 (fid=6)",439.6364680710216,11,,
Car 87,,,,,19,switch,,"Charger 19 (fid=14) not available, trying Charger 18 (fid=13)",439.78065205522,18,,
Car 99,,,,23,,arrived,,arrived,439.8784337519512,,,
Car 94,,,,,15,switch,,"Charger 15 (fid=10) not available, trying Charger 14 (fid=9)",439.91515844200654,14,,
Car 95,,,,,9,switch,,"Charger 9 (fid=3) not available, trying Charger 20 (fid=15)",439.9435190803258,20,,
Car 45,86.0,2,7,,,done,,done charging,440.5322173648812,,,49.4834499503244
Car 65,49.0,10,15,,,done,,done charging,441.0773076927653,,,26.679364814732487
Car 93,,2,7,,,start_charge,,starting to charge at Charger 7 (fid=2),441.33872116005324,,5.0,
Car 100,,,,61,,arrived,,arrived,441.76345601552066,,,
Car 36,116.0,14,19,,,done,,done charging,442.3511130231928,,,34.928788170641425
Car 97,,,,,1,switch,,"Charger 1 (fid=308702) not available, trying Charger 5 (fid=5)",442.42005418455113,5,,
Car 98,,,,,6,switch,,"Charger 6 (fid=1) not available, trying Charger 12 (fid=7)",442.6046152194126,12,,
Car 101,,,,9,,arrived,,arrived,442.8980780834599,,,
Car 84,,,,,14,switch,,"Charger 14 (fid=9) not available, trying Charger 16 (fid=11)",443.1022103834283,16,,
Car 69,,14,19,,,start_charge,,starting to charge at Charger 19 (fid=14),443.1867303079847,,25.0,
Car 91,,,,,18,switch,,"Charger 18 (fid=13) not available, trying Charger 0 (fid=308440)",443.6681032263847,0,,
Car 85,,,,,13,switch,,"Charger 13 (fid=8) not available, trying Charger 5 (fid=5)",443.7809486713768,5,,
Car 82,,,,,14,switch,,"Charger 14 (fid=9) not available, trying Charger 9 (fid=3)",444.26816070633123,9,,
Car 102,,,,4,,arrived,,arrived,444.55927386206935,,,
Car 102,,4,10,,,start_charge,,starting to charge at Charger 10 (fid=4),444.55927386206935,,0.0,
Car 103,,,,5,,arrived,,arrived,444.62566086413256,,,
Car 104,,,,14,,arrived,,arrived,444.63734931883454,,,
Car 92,,,,,16,switch,,"Charger 16 (fid=11) not available, trying Charger 6 (fid=1)",444.63940663889923,6,,
Car 99,,,,,5,switch,,"Charger 5 (fid=5) not available, trying Charger 1 (fid=308702)",444.8784337519512,1,,
Car 105,,,,81,,arrived,,arrived,445.27325769223364,,,
Car 106,,,,77,,arrived,,arrived,445.4371511563047,,,
Car 94,,,,,14,switch,,"Charger 14 (fid=9) not available, trying Charger 9 (fid=3)",446.4500697982231,9,,
Car 107,,,,22,,arrived,,arrived,446.64853436887057,,,
Car 100,,,,,9,switch,,"Charger 9 (fid=3) not available, trying Charger 14 (fid=9)",446.76345601552066,14,,
Car 76,,,,,18,switch,,"Charger 18 (fid=13) not available, trying Charger 0 (fid=308440)",446.89503981223294,0,,
Car 46,81.0,4,10,,,done,,done charging,447.0753018339945,,,131.70605267379972
Car 61,66.0,3,9,,,done,,done charging,447.3498452764411,,,140.0749914334876
Car 83,,,,,12,switch,,"Charger 12 (fid=7) not available, trying Charger 7 (fid=2)",447.52152029933654,7,,
Car 54,,,,,11,switch,,"Charger 11 (fid=6) not available, trying Charger 0 (fid=308440)",447.8472848248077,0,,
Car 101,,,,,14,switch,,"Charger 14 (fid=9) not available, trying Charger 13 (fid=8)",447.8980780834599,13,,
Car 87,,,,,18,switch,,"Charger 18 (fid=13) not available, trying Charger 16 (fid=11)",447.99896417240353,16,,
Car 86,,,,,11,switch,,"Charger 11 (fid=6) not available, trying Charger 16 (fid=11)",448.09932090878306,16,,
Car 82,,3,9,,,start_charge,,starting to charge at Charger 9 (fid=3),448.3559140075466,,15.0,
Car 95,,,,,20,switch,,"Charger 20 (fid=15) not available, trying Charger 14 (fid=9)",448.37504433231214,14,,
Car 108,,,,4,,arrived,,arrived,448.6657177813825,,,
Car 78,,,,,1,switch,,"Charger 1 (fid=308702) not available, trying Charger 14 (fid=9)",448.7666467721223,14,,
Car 109,,,,70,,arrived,,arrived,449.4400569421046,,,
Car 98,,,,,12,switch,,"Charger 12 (fid=7) not available, trying Charger 4 (fid=308108)",449.52905410763066,4,,
Car 103,,,,,7,switch,,"Charger 7 (fid=2) not available, trying Charger 4 (fid=308108)",449.62566086413256,4,,
Car 104,,,,,19,switch,,"Charger 19 (fid=14) not available, trying Charger 0 (fid=308440)",449.63734931883454,0,,
Car 110,,,,52,,arrived,,arrived,449.91478317426595,,,
Car 58,71.0,308702,1,,,done,,done charging,450.24013419498453,,,123.42970471715911
Car 99,,308702,1,,,start_charge,,starting to charge at Charger 1 (fid=308702),450.24013419498453,,6.806587085613387,
Car 105,,,,,2,switch,,"Charger 2 (fid=307904) not available, trying Charger 3 (fid=307905)",450.27325769223364,3,,
Car 106,,,,,6,switch,,"Charger 6 (fid=1) not available, trying Charger 12 (fid=7)",450.4371511563047,12,,
Car 105,,307905,3,,,start_charge,,starting to charge at Charger 3 (fid=307905),450.5368838737977,,5.0,
Car 84,,,,,16,switch,,"Charger 16 (fid=11) not available, trying Charger 13 (fid=8)",450.6321329512609,13,,
Car 59,71.0,9,14,,,done,,done charging,450.8640197223041,,,44.85426999366072
Car 100,,9,14,,,start_charge,,starting to charge at Charger 14 (fid=9),450.8640197223041,,5.012810405568075,
Car 91,,,,,0,switch,,"Charger 0 (fid=308440) not available, trying Charger 5 (fid=5)",450.8952964456867,5,,
Car 97,,,,,5,switch,,"Charger 5 (fid=5) not available, trying Charger 10 (fid=4)",450.9751675419711,10,,
Car 98,,308108,4,,,start_charge,,starting to charge at Charger 4 (fid=308108),451.1913834430612,,10.0,
Car 103,,308108,4,,,start_charge,,starting to charge at Charger 4 (fid=308108),451.2284452640918,,5.0,
Car 107,,,,,18,switch,,"Charger 18 (fid=13) not available, trying Charger 1 (fid=308702)",451.64853436887057,1,,
Car 85,,,,,5,switch,,"Charger 5 (fid=5) not available, trying Charger 16 (fid=11)",451.71631661099644,16,,
Car 111,,,,61,,arrived,,arrived,451.75449518542325,,,
Car 97,,4,10,,,start_charge,,starting to charge at Charger 10 (fid=4),451.8635675903591,,10.0,
Car 51,82.0,11,16,,,done,,done charging,452.6523816097934,,,21.885254529647014
Car 86,,11,16,,,start_charge,,starting to charge at Charger 16 (fid=11),452.6523816097934,,17.3886645675571,
Car 92,,,,,6,switch,,"Charger 6 (fid=1) not available, trying Charger 2 (fid=307904)",453.3970416192158,2,,
Car 108,,,,,11,switch,,"Charger 11 (fid=6) not available, trying Charger 16 (fid=11)",453.6657177813825,16,,
Car 76,,,,,0,switch,,"Charger 0 (fid=308440) not available, trying Charger 16 (fid=11)",454.12223303153496,16,,
Car 101,,,,,13,switch,,"Charger 13 (fid=8) not available, trying Charger 15 (fid=10)",454.31798260668666,15,,
Car 109,,,,,19,switch,,"Charger 19 (fid=14) not available, trying Charger 0 (fid=308440)",454.4400569421046,0,,
Car 83,,,,,7,switch,,"Charger 7 (fid=2) not available, trying Charger 4 (fid=308108)",454.70574076479124,4,,
Car 110,,,,,6,switch,,"Charger 6 (fid=1) not available, trying Charger 12 (fid=7)",454.91478317426595,12,,
Car 94,,,,,9,switch,,"Charger 9 (fid=3) not available, trying Charger 13 (fid=8)",455.53782309943847,13,,
Car 101,,10,15,,,start_charge,,starting to charge at Charger 15 (fid=10),455.6969676612778,,10.0,
Car 104,,,,,0,switch,,"Charger 0 (fid=308440) not available, trying Charger 16 (fid=11)",456.2317437806996,16,,
Car 111,,,,,9,switch,,"Charger 9 (fid=3) not available, trying Charger 14 (fid=9)",456.75449518542325,14,,
Car 54,,,,,0,switch,,"Charger 0 (fid=308440) not available, trying Charger 18 (fid=13)",457.0158158136605,18,,
Car 112,,,,4,,arrived,,arrived,457.2306282878117,,,
Car 106,,,,,12,switch,,"Charger 12 (fid=7) not available, trying Charger 4 (fid=308108)",457.36159004452276,4,,
Car 87,,,,,16,switch,,"Charger 16 (fid=11) not available, trying Charger 1 (fid=308702)",457.59873213236637,1,,
Car 78,,,,,14,switch,,"Charger 14 (fid=9) not available, trying Charger 16 (fid=11)",458.6878985074085,16,,
Car 107,,,,,1,switch,,"Charger 1 (fid=308702) not available, trying Charger 0 (fid=308440)",458.8317253067309,0,,
Car 84,,,,,13,switch,,"Charger 13 (fid=8) not available, trying Charger 1 (fid=308702)",459.0412832367569,1,,
Car 95,,,,,14,switch,,"Charger 14 (fid=9) not available, trying Charger 16 (fid=11)",459.5440821417211,16,,
Car 92,,,,,2,switch,,"Charger 2 (fid=307904) not available, trying Charger 3 (fid=307905)",459.5868951805364,3,,
Car 48,97.0,91,8,,,done,,done charging,459.77931994021077,,,88.80173619298226
Car 85,,,,,16,switch,,"Charger 16 (fid=11) not available, trying Charger 10 (fid=4)",460.3743445164714,10,,
Car 113,,,,76,,arrived,,arrived,460.60962705490834,,,
Car 113,,91,8,,,start_charge,,starting to charge at Charger 8 (fid=91),460.60962705490834,,0.0,
Car 108,,,,,16,switch,,"Charger 16 (fid=11) not available, trying Charger 6 (fid=1)",460.83011391483575,6,,
Car 109,,,,,0,switch,,"Charger 0 (fid=308440) not available, trying Charger 16 (fid=11)",461.0344514039697,16,,
Car 83,,,,,4,switch,,"Charger 4 (fid=308108) not available, trying Charger 6 (fid=1)",461.3085251647505,6,,
Car 91,,,,,5,switch,,"Charger 5 (fid=5) not available, trying Charger 10 (fid=4)",461.4524797561538,10,,
Car 110,,,,,12,switch,,"Charger 12 (fid=7) not available, trying Charger 2 (fid=307904)",461.839222062484,2,,
Car 76,,,,,16,switch,,"Charger 16 (fid=11) not available, trying Charger 19 (fid=14)",462.09808333617934,19,,
Car 112,,,,,11,switch,,"Charger 11 (fid=6) not available, trying Charger 16 (fid=11)",462.2306282878117,16,,
Car 74,49.0,308440,0,,,done,,done charging,462.7556667467094,,,125.09112601081497
Car 107,,308440,0,,,start_charge,,starting to charge at Charger 0 (fid=308440),462.7556667467094,,10.813488812580033,
Car 106,,,,,4,switch,,"Charger 4 (fid=308108) not available, trying Charger 16 (fid=11)",464.0239193799533,16,,
Car 114,,,,17,,arrived,,arrived,464.09267738843556,,,
Car 104,,,,,16,switch,,"Charger 16 (fid=11) not available, trying Charger 11 (fid=6)",464.207594085344,11,,
Car 54,,,,,18,switch,,"Charger 18 (fid=13) not available, trying Charger 9 (fid=3)",464.2430090329625,9,,
Car 52,93.0,3,9,,,done,,done charging,464.7344096599989,,,140.0749914334876
Car 92,,,,,3,switch,,"Charger 3 (fid=307905) not available, trying Charger 12 (fid=7)",464.85052136210044,12,,
Car 94,,,,,13,switch,,"Charger 13 (fid=8) not available, trying Charger 16 (fid=11)",465.507014297306,16,,
Car 111,,,,,14,switch,,"Charger 14 (fid=9) not available, trying Charger 16 (fid=11)",465.8422484866386,16,,
Car 78,,,,,16,switch,,"Charger 16 (fid=11) not available, trying Charger 15 (fid=10)",466.2178210752411,15,,
Car 115,,,,85,,arrived,,arrived,466.4275275156971,,,
Car 116,,,,8,,arrived,,arrived,466.5143661135089,,,
Car 87,,,,,1,switch,,"Charger 1 (fid=308702) not available, trying Charger 11 (fid=6)",466.6111995242103,11,,
Car 117,,,,47,,arrived,,arrived,467.02474048928127,,,
Car 95,,,,,16,switch,,"Charger 16 (fid=11) not available, trying Charger 15 (fid=10)",467.0740047095537,15,,
Car 91,,,,,10,switch,,"Charger 10 (fid=4) not available, trying Charger 19 (fid=14)",467.3408798045418,19,,
Car 68,70.0,15,20,,,done,,done charging,467.5810447323942,,,222.1114232837758
Car 85,,,,,10,switch,,"Charger 10 (fid=4) not available, trying Charger 9 (fid=3)",468.826374854943,9,,
Car 84,,,,,1,switch,,"Charger 1 (fid=308702) not available, trying Charger 15 (fid=10)",468.8904371607449,15,,
Car 109,,,,,16,switch,,"Charger 16 (fid=11) not available, trying Charger 18 (fid=13)",469.01030170861407,18,,
Car 118,,,,77,,arrived,,arrived,469.07566804189514,,,
Car 114,,,,,1,switch,,"Charger 1 (fid=308702) not available, trying Charger 18 (fid=13)",469.09267738843556,18,,
Car 83,,,,,6,switch,,"Charger 6 (fid=1) not available, trying Charger 8 (fid=91)",469.15990465570997,8,,
Car 76,,,,,19,switch,,"Charger 19 (fid=14) not available, trying Charger 13 (fid=8)",469.32801557311655,13,,
Car 112,,,,,16,switch,,"Charger 16 (fid=11) not available, trying Charger 6 (fid=1)",469.39502442126496,6,,
Car 110,,,,,2,switch,,"Charger 2 (fid=307904) not available, trying Charger 3 (fid=307905)",469.41841447437395,3,,
Car 108,,,,,6,switch,,"Charger 6 (fid=1) not available, trying Charger 2 (fid=307904)",469.58774889515234,2,,
Car 119,,,,39,,arrived,,arrived,469.86282715904105,,,
Car 119,,3,9,,,start_charge,,starting to charge at Charger 9 (fid=3),469.86282715904105,,0.0,
Car 104,,,,,11,switch,,"Charger 11 (fid=6) not available, trying Charger 18 (fid=13)",471.37199021879724,18,,
Car 115,,,,,8,switch,,"Charger 8 (fid=91) not available, trying Charger 7 (fid=2)",471.4275275156971,7,,
Car 116,,,,,13,switch,,"Charger 13 (fid=8) not available, trying Charger 15 (fid=10)",471.5143661135089,15,,
Car 117,,,,,1,switch,,"Charger 1 (fid=308702) not available, trying Charger 18 (fid=13)",472.02474048928127,18,,
Car 92,,,,,12,switch,,"Charger 12 (fid=7) not available, trying Charger 17 (fid=12)",472.44605060561116,17,,
Car 120,,,,89,,arrived,,arrived,473.3580249970422,,,
Car 111,,,,,16,switch,,"Charger 16 (fid=11) not available, trying Charger 20 (fid=15)",473.3721710544712,20,,
Car 94,,,,,16,switch,,"Charger 16 (fid=11) not available, trying Charger 11 (fid=6)",473.91616458280197,11,,
Car 118,,,,,6,switch,,"Charger 6 (fid=1) not available, trying Charger 12 (fid=7)",474.07566804189514,12,,
Car 106,,,,,16,switch,,"Charger 16 (fid=11) not available, trying Charger 2 (fid=307904)",474.145689083395,2,,
Car 78,,,,,15,switch,,"Charger 15 (fid=10) not available, trying Charger 19 (fid=14)",474.5260387647024,19,,
Car 110,,,,,3,switch,,"Charger 3 (fid=307905) not available, trying Charger 17 (fid=12)",474.682040655938,17,,
Car 95,,,,,15,switch,,"Charger 15 (fid=10) not available, trying Charger 11 (fid=6)",475.382222399015,11,,
Car 92,,12,17,,,start_charge,,starting to charge at Charger 17 (fid=12),475.60597580697055,,30.0,
Car 108,,,,,2,switch,,"Charger 2 (fid=307904) not available, trying Charger 3 (fid=307905)",475.7776024564729,3,,
Car 110,,12,17,,,start_charge,,starting to charge at Charger 17 (fid=12),475.91771430258484,,20.0,
Car 114,,,,,18,switch,,"Charger 18 (fid=13) not available, trying Charger 0 (fid=308440)",476.2758683262959,0,,
Car 81,50.0,1,6,,,done,,done charging,476.5943081443349,,,87.08299239818483
Car 112,,1,6,,,start_charge,,starting to charge at Charger 6 (fid=1),476.5943081443349,,13.44164874275333,
Car 121,,,,8,,arrived,,arrived,476.5985020411789,,,
Car 87,,,,,11,switch,,"Charger 11 (fid=6) not available, trying Charger 2 (fid=307904)",476.8283113653591,2,,
Car 62,64.0,15,20,,,done,,done charging,476.8583321752232,,,313.6380226264141
Car 91,,,,,19,switch,,"Charger 19 (fid=14) not available, trying Charger 16 (fid=11)",476.94614748029835,16,,
Car 83,,,,,8,switch,,"Charger 8 (fid=91) not available, trying Charger 2 (fid=307904)",477.12373399458426,2,,
Car 122,,,,22,,arrived,,arrived,477.59205549677705,,,
Car 54,,,,,9,switch,,"Charger 9 (fid=3) not available, trying Charger 6 (fid=1)",477.69037935597055,6,,
Car 123,,,,54,,arrived,,arrived,477.7088173444143,,,
Car 116,,,,,15,switch,,"Charger 15 (fid=10) not available, trying Charger 14 (fid=9)",477.8933511681001,14,,
Car 124,,,,43,,arrived,,arrived,477.96040541808736,,,
Car 115,,,,,7,switch,,"Charger 7 (fid=2) not available, trying Charger 4 (fid=308108)",478.2545187027258,4,,
Car 120,,,,,8,switch,,"Charger 8 (fid=91) not available, trying Charger 7 (fid=2)",478.3580249970422,7,,
Car 109,,,,,18,switch,,"Charger 18 (fid=13) not available, trying Charger 11 (fid=6)",478.6100696685769,11,,
Car 125,,,,7,,arrived,,arrived,478.9049189719126,,,
Car 111,,15,20,,,start_charge,,starting to charge at Charger 20 (fid=15),478.9141161486488,,15.0,
Car 76,,,,,13,switch,,"Charger 13 (fid=8) not available, trying Charger 15 (fid=10)",479.1717337861719,15,,
Car 117,,,,,18,switch,,"Charger 18 (fid=13) not available, trying Charger 5 (fid=5)",479.2079314271416,5,,
Car 126,,,,63,,arrived,,arrived,479.25944307458167,,,
Car 84,,,,,15,switch,,"Charger 15 (fid=10) not available, trying Charger 19 (fid=14)",479.505948037386,19,,
Car 127,,,,44,,arrived,,arrived,479.85819162528543,,,
Car 128,,,,14,,arrived,,arrived,480.1963816037157,,,
Car 85,,,,,9,switch,,"Charger 9 (fid=3) not available, trying Charger 19 (fid=14)",480.41587095885177,19,,
Car 118,,,,,12,switch,,"Charger 12 (fid=7) not available, trying Charger 4 (fid=308108)",481.0001069301132,4,,
Car 108,,,,,3,switch,,"Charger 3 (fid=307905) not available, trying Charger 12 (fid=7)",481.04122863803696,12,,
Car 94,,,,,11,switch,,"Charger 11 (fid=6) not available, trying Charger 5 (fid=5)",481.0805607162552,5,,
Car 121,,,,,13,switch,,"Charger 13 (fid=8) not available, trying Charger 15 (fid=10)",481.5985020411789,15,,
Car 129,,,,16,,arrived,,arrived,481.8990214333561,,,
Car 104,,,,,18,switch,,"Charger 18 (fid=13) not available, trying Charger 2 (fid=307904)",482.176402628065,2,,
Car 56,91.0,13,18,,,done,,done charging,482.3909966766296,,,190.20502781489316
Car 122,,13,18,,,start_charge,,starting to charge at Charger 18 (fid=13),482.3909966766296,,4.798941179852534,
Car 130,,,,37,,arrived,,arrived,482.67263817554704,,,
Car 123,,,,,19,switch,,"Charger 19 (fid=14) not available, trying Charger 16 (fid=11)",482.7088173444143,16,,
Car 124,,,,,1,switch,,"Charger 1 (fid=308702) not available, trying Charger 5 (fid=5)",482.96040541808736,5,,
Car 106,,,,,2,switch,,"Charger 2 (fid=307904) not available, trying Charger 3 (fid=307905)",482.964147708672,3,,
Car 131,,,,28,,arrived,,arrived,483.0764235068972,,,
Car 114,,,,,0,switch,,"Charger 0 (fid=308440) not available, trying Charger 10 (fid=4)",483.5030615455979,10,,
Car 132,,,,71,,arrived,,arrived,483.6289867177963,,,
Car 125,,,,,12,switch,,"Charger 12 (fid=7) not available, trying Charger 4 (fid=308108)",483.9049189719126,4,,
Car 91,,,,,16,switch,,"Charger 16 (fid=11) not available, trying Charger 13 (fid=8)",484.17607971723555,13,,
Car 126,,,,,10,switch,,"Charger 10 (fid=4) not available, trying Charger 5 (fid=5)",484.25944307458167,5,,
Car 116,,,,,14,switch,,"Charger 14 (fid=9) not available, trying Charger 10 (fid=4)",484.42826252431666,10,,
Car 133,,,,64,,arrived,,arrived,484.4628340863926,,,
Car 78,,,,,19,switch,,"Charger 19 (fid=14) not available, trying Charger 18 (fid=13)",484.48476381074755,18,,
Car 115,,,,,4,switch,,"Charger 4 (fid=308108) not available, trying Charger 12 (fid=7)",484.8573031026851,12,,
Car 127,,,,,1,switch,,"Charger 1 (fid=308702) not available, trying Charger 18 (fid=13)",484.85819162528543,18,,
Car 83,,,,,2,switch,,"Charger 2 (fid=307904) not available, trying Charger 3 (fid=307905)",485.0353785428766,3,,
Car 87,,,,,2,switch,,"Charger 2 (fid=307904) not available, trying Charger 3 (fid=307905)",485.1529956038185,3,,
Car 120,,,,,7,switch,,"Charger 7 (fid=2) not available, trying Charger 4 (fid=308108)",485.18501618407095,4,,
Car 128,,,,,19,switch,,"Charger 19 (fid=14) not available, trying Charger 0 (fid=308440)",485.1963816037157,0,,
Car 95,,,,,11,switch,,"Charger 11 (fid=6) not available, trying Charger 13 (fid=8)",485.36633137105747,13,,
Car 76,,,,,15,switch,,"Charger 15 (fid=10) not available, trying Charger 14 (fid=9)",485.55071884076307,14,,
Car 134,,,,57,,arrived,,arrived,485.5745169952993,,,
Car 129,,,,,16,switch,,"Charger 16 (fid=11) not available, trying Charger 19 (fid=14)",486.8990214333561,19,,
Car 135,,,,77,,arrived,,arrived,487.65796725458813,,,
Car 118,,,,,4,switch,,"Charger 4 (fid=308108) not available, trying Charger 16 (fid=11)",487.66243626554376,16,,
Car 130,,,,,10,switch,,"Charger 10 (fid=4) not available, trying Charger 5 (fid=5)",487.67263817554704,5,,
Car 121,,,,,15,switch,,"Charger 15 (fid=10) not available, trying Charger 14 (fid=9)",487.9774870957701,14,,
Car 131,,,,,19,switch,,"Charger 19 (fid=14) not available, trying Charger 0 (fid=308440)",488.0764235068972,0,,
Car 53,65.0,10,15,,,done,,done charging,488.1058135809943,,,274.02801089588104
Car 106,,,,,3,switch,,"Charger 3 (fid=307905) not available, trying Charger 20 (fid=15)",488.22777389023605,20,,
Car 136,,,,55,,arrived,,arrived,488.5021060667995,,,
Car 54,,,,,6,switch,,"Charger 6 (fid=1) not available, trying Charger 2 (fid=307904)",488.52434550569086,2,,
Car 132,,,,,19,switch,,"Charger 19 (fid=14) not available, trying Charger 0 (fid=308440)",488.6289867177963,0,,
Car 108,,,,,12,switch,,"Charger 12 (fid=7) not available, trying Charger 17 (fid=12)",488.6367578815477,17,,
Car 109,,,,,11,switch,,"Charger 11 (fid=6) not available, trying Charger 1 (fid=308702)",489.41448207784464,1,,
Car 133,,,,,7,switch,,"Charger 7 (fid=2) not available, trying Charger 4 (fid=308108)",489.4628340863926,4,,
Car 84,,,,,19,switch,,"Charger 19 (fid=14) not available, trying Charger 11 (fid=6)",489.4646730834312,11,,
Car 117,,,,,5,switch,,"Charger 5 (fid=5) not available, trying Charger 10 (fid=4)",489.5811995000293,10,,
Car 123,,,,,16,switch,,"Charger 16 (fid=11) not available, trying Charger 0 (fid=308440)",489.9387495813515,0,,
Car 137,,,,26,,arrived,,arrived,490.0359368418989,,,
Car 126,,,,,5,switch,,"Charger 5 (fid=5) not available, trying Charger 13 (fid=8)",490.1478431229697,13,,
Car 83,,,,,3,switch,,"Charger 3 (fid=307905) not available, trying Charger 16 (fid=11)",490.29900472444064,16,,
Car 87,,,,,3,switch,,"Charger 3 (fid=307905) not available, trying Charger 14 (fid=9)",490.4166217853826,14,,
Car 125,,,,,4,switch,,"Charger 4 (fid=308108) not available, trying Charger 6 (fid=1)",490.56724830734316,6,,
Car 134,,,,,19,switch,,"Charger 19 (fid=14) not available, trying Charger 0 (fid=308440)",490.5745169952993,0,,
Car 90,54.0,2,7,,,done,,done charging,491.001013816226,,,136.32857345681572
Car 85,,,,,19,switch,,"Charger 19 (fid=14) not available, trying Charger 11 (fid=6)",491.4401768677003,11,,
Car 124,,,,,5,switch,,"Charger 5 (fid=5) not available, trying Charger 10 (fid=4)",491.5155187755073,10,,
Car 115,,,,,12,switch,,"Charger 12 (fid=7) not available, trying Charger 2 (fid=307904)",491.51963243811565,2,,
Car 94,,,,,5,switch,,"Charger 5 (fid=5) not available, trying Charger 10 (fid=4)",491.61458582318375,10,,
Car 120,,,,,4,switch,,"Charger 4 (fid=308108) not available, trying Charger 12 (fid=7)",491.7878005840302,12,,
Car 128,,,,,0,switch,,"Charger 0 (fid=308440) not available, trying Charger 16 (fid=11)",491.79077606558076,16,,
Car 127,,,,,18,switch,,"Charger 18 (fid=13) not available, trying Charger 5 (fid=5)",492.04138256314576,5,,
Car 76,,,,,14,switch,,"Charger 14 (fid=9) not available, trying Charger 11 (fid=6)",492.08563019697965,11,,
Car 138,,,,37,,arrived,,arrived,492.483929591916,,,
Car 91,,,,,13,switch,,"Charger 13 (fid=8) not available, trying Charger 15 (fid=10)",492.5852300027315,15,,
Car 139,,,,117,,arrived,,arrived,492.65527766790734,,,
Car 135,,,,,6,switch,,"Charger 6 (fid=1) not available, trying Charger 12 (fid=7)",492.65796725458813,12,,
Car 116,,,,,10,switch,,"Charger 10 (fid=4) not available, trying Charger 5 (fid=5)",492.7008437649777,5,,
Car 78,,,,,18,switch,,"Charger 18 (fid=13) not available, trying Charger 11 (fid=6)",492.7030759279311,11,,
Car 140,,,,67,,arrived,,arrived,493.1124878516853,,,
Car 104,,,,,2,switch,,"Charger 2 (fid=307904) not available, trying Charger 3 (fid=307905)",493.22736485762204,3,,
Car 136,,,,,19,switch,,"Charger 19 (fid=14) not available, trying Charger 0 (fid=308440)",493.5021060667995,0,,
Car 106,,15,20,,,start_charge,,starting to charge at Charger 20 (fid=15),493.5319080384881,,30.0,
Car 130,,,,,5,switch,,"Charger 5 (fid=5) not available, trying Charger 14 (fid=9)",493.56103822393504,14,,
Car 114,,,,,10,switch,,"Charger 10 (fid=4) not available, trying Charger 5 (fid=5)",493.8542472890617,5,,
Car 141,,,,56,,arrived,,arrived,493.88799924424353,,,
Car 91,,10,15,,,start_charge,,starting to charge at Charger 15 (fid=10),493.9642150573227,,40.0,
Car 129,,,,,19,switch,,"Charger 19 (fid=14) not available, trying Charger 0 (fid=308440)",494.1289536702933,0,,
Car 121,,,,,14,switch,,"Charger 14 (fid=9) not available, trying Charger 10 (fid=4)",494.51239845198666,10,,
Car 142,,,,77,,arrived,,arrived,494.543347444688,,,
Car 131,,,,,0,switch,,"Charger 0 (fid=308440) not available, trying Charger 11 (fid=6)",494.67081796876226,11,,
Car 54,,,,,2,switch,,"Charger 2 (fid=307904) not available, trying Charger 3 (fid=307905)",494.7141990670114,3,,
Car 64,76.0,8,13,,,done,,done charging,494.755316976921,,,256.65922920030073
Car 95,,8,13,,,start_charge,,starting to charge at Charger 13 (fid=8),494.755316976921,,34.09161471166078,
Car 57,118.0,8,13,,,done,,done charging,494.8259926969731,,,51.031920891441445
Car 126,,8,13,,,start_charge,,starting to charge at Charger 13 (fid=8),494.8259926969731,,11.742781634383789,
Car 137,,,,,0,switch,,"Charger 0 (fid=308440) not available, trying Charger 19 (fid=14)",495.0359368418989,19,,
Car 132,,,,,0,switch,,"Charger 0 (fid=308440) not available, trying Charger 16 (fid=11)",495.2233811796614,16,,
Car 143,,,,34,,arrived,,arrived,495.26361968519717,,,
Car 117,,,,,10,switch,,"Charger 10 (fid=4) not available, trying Charger 0 (fid=308440)",495.4695995484173,0,,
Car 133,,,,,4,switch,,"Charger 4 (fid=308108) not available, trying Charger 8 (fid=91)",496.06561848635187,8,,
Car 144,,,,77,,arrived,,arrived,496.0979427420485,,,
Car 108,,,,,17,switch,,"Charger 17 (fid=12) not available, trying Charger 19 (fid=14)",496.79668308290707,19,,
Car 100,46.0,9,14,,,done,,done charging,496.8640197223041,,,274.3039722771939
Car 87,,9,14,,,start_charge,,starting to charge at Charger 14 (fid=9),496.8640197223041,,40.36283180157187,
Car 134,,,,,0,switch,,"Charger 0 (fid=308440) not available, trying Charger 16 (fid=11)",497.16891145716437,16,,
Car 124,,,,,10,switch,,"Charger 10 (fid=4) not available, trying Charger 18 (fid=13)",497.4039188238953,18,,
Car 138,,,,,10,switch,,"Charger 10 (fid=4) not available, trying Charger 5 (fid=5)",497.483929591916,5,,
Car 94,,,,,10,switch,,"Charger 10 (fid=4) not available, trying Charger 6 (fid=1)",497.50298587157175,6,,
Car 139,,,,,2,switch,,"Charger 2 (fid=307904) not available, trying Charger 3 (fid=307905)",497.65527766790734,3,,
Car 84,,,,,11,switch,,"Charger 11 (fid=6) not available, trying Charger 0 (fid=308440)",497.67548983721724,0,,
Car 118,,,,,16,switch,,"Charger 16 (fid=11) not available, trying Charger 2 (fid=307904)",497.7842059689854,2,,
Car 123,,,,,0,switch,,"Charger 0 (fid=308440) not available, trying Charger 1 (fid=308702)",497.91459988599587,1,,
Car 140,,,,,1,switch,,"Charger 1 (fid=308702) not available, trying Charger 16 (fid=11)",498.1124878516853,16,,
Car 125,,,,,6,switch,,"Charger 6 (fid=1) not available, trying Charger 7 (fid=2)",498.4186277983026,7,,
Car 120,,,,,12,switch,,"Charger 12 (fid=7) not available, trying Charger 2 (fid=307904)",498.4501299194608,2,,
Car 104,,,,,3,switch,,"Charger 3 (fid=307905) not available, trying Charger 14 (fid=9)",498.4909910391861,14,,
Car 116,,,,,5,switch,,"Charger 5 (fid=5) not available, trying Charger 16 (fid=11)",498.5892438133657,16,,
Car 141,,,,,19,switch,,"Charger 19 (fid=14) not available, trying Charger 0 (fid=308440)",498.88799924424353,0,,
Car 115,,,,,2,switch,,"Charger 2 (fid=307904) not available, trying Charger 3 (fid=307905)",499.0988248500056,3,,
Car 83,,,,,16,switch,,"Charger 16 (fid=11) not available, trying Charger 11 (fid=6)",499.1338001813384,11,,
Car 142,,,,,6,switch,,"Charger 6 (fid=1) not available, trying Charger 12 (fid=7)",499.543347444688,12,,
Car 135,,,,,12,switch,,"Charger 12 (fid=7) not available, trying Charger 4 (fid=308108)",499.5824061428062,4,,
Car 109,,,,,1,switch,,"Charger 1 (fid=308702) not available, trying Charger 2 (fid=307904)",499.6315939189935,2,,
Car 85,,,,,11,switch,,"Charger 11 (fid=6) not available, trying Charger 0 (fid=308440)",499.65099362148635,0,,
Car 114,,,,,5,switch,,"Charger 5 (fid=5) not available, trying Charger 16 (fid=11)",499.7426473374497,16,,
Car 128,,,,,16,switch,,"Charger 16 (fid=11) not available, trying Charger 11 (fid=6)",499.76662637022514,11,,
Car 54,,,,,3,switch,,"Charger 3 (fid=307905) not available, trying Charger 12 (fid=7)",499.97782524857547,12,,
Car 136,,,,,0,switch,,"Charger 0 (fid=308440) not available, trying Charger 16 (fid=11)",500.0965005286646,16,,
Car 145,,,,40,,arrived,,arrived,500.1953750682792,,,
Car 143,,,,,19,switch,,"Charger 19 (fid=14) not available, trying Charger 0 (fid=308440)",500.26361968519717,0,,
Car 129,,,,,0,switch,,"Charger 0 (fid=308440) not available, trying Charger 11 (fid=6)",500.7233481321584,11,,
Car 125,,2,7,,,start_charge,,starting to charge at Charger 7 (fid=2),501.05897909865996,,15.0,
Car 144,,,,,6,switch,,"Charger 6 (fid=1) not available, trying Charger 12 (fid=7)",501.0979427420485,12,,
Car 76,,,,,11,switch,,"Charger 11 (fid=6) not available, trying Charger 2 (fid=307904)",501.50156319453015,2,,
Car 63,114.0,1,6,,,done,,done charging,501.54112513021056,,,87.08299239818483
Car 137,,,,,19,switch,,"Charger 19 (fid=14) not available, trying Charger 18 (fid=13)",501.63033130376397,18,,
Car 130,,,,,14,switch,,"Charger 14 (fid=9) not available, trying Charger 16 (fid=11)",502.2144771322399,16,,
Car 93,61.0,2,7,,,done,,done charging,502.33872116005324,,,158.0758721899158
Car 127,,,,,5,switch,,"Charger 5 (fid=5) not available, trying Charger 0 (fid=308440)",502.41465063603346,0,,
Car 121,,,,,10,switch,,"Charger 10 (fid=4) not available, trying Charger 5 (fid=5)",502.7849796926477,5,,
Car 71,98.0,308702,1,,,done,,done charging,502.81656085942774,,,141.9503146929267
Car 123,,308702,1,,,start_charge,,starting to charge at Charger 1 (fid=308702),502.81656085942774,,16.791508346033424,
Car 139,,,,,3,switch,,"Charger 3 (fid=307905) not available, trying Charger 6 (fid=1)",502.9189038494714,6,,
Car 132,,,,,16,switch,,"Charger 16 (fid=11) not available, trying Charger 18 (fid=13)",503.19923148430576,18,,
Car 133,,,,,8,switch,,"Charger 8 (fid=91) not available, trying Charger 12 (fid=7)",503.27603016943283,12,,
Car 138,,,,,5,switch,,"Charger 5 (fid=5) not available, trying Charger 14 (fid=9)",503.37232964030403,14,,
Car 78,,,,,11,switch,,"Charger 11 (fid=6) not available, trying Charger 0 (fid=308440)",503.5074883371988,0,,
Car 131,,,,,11,switch,,"Charger 11 (fid=6) not available, trying Charger 16 (fid=11)",503.8393489576151,16,,
Car 139,,1,6,,,start_charge,,starting to charge at Charger 6 (fid=1),504.12509424241273,,10.0,
Car 146,,,,77,,arrived,,arrived,504.17772395733977,,,
Car 82,56.0,3,9,,,done,,done charging,504.3559140075466,,,260.2094893179926
Car 145,,3,9,,,start_charge,,starting to charge at Charger 9 (fid=3),504.3559140075466,,4.160538939267383,
Car 115,,,,,3,switch,,"Charger 3 (fid=307905) not available, trying Charger 6 (fid=1)",504.36245103156966,6,,
Car 72,99.0,91,8,,,done,,done charging,504.90973447957657,,,114.34604900940923
Car 77,78.0,6,11,,,done,,done charging,505.00112858378,,,180.29419791665316
Car 83,,6,11,,,start_charge,,starting to charge at Charger 11 (fid=6),505.00112858378,,53.70293226898832,
Car 134,,,,,16,switch,,"Charger 16 (fid=11) not available, trying Charger 18 (fid=13)",505.14476176180875,18,,
Car 141,,,,,0,switch,,"Charger 0 (fid=308440) not available, trying Charger 16 (fid=11)",505.4823937061086,16,,
Car 117,,,,,0,switch,,"Charger 0 (fid=308440) not available, trying Charger 16 (fid=11)",505.82078529188107,16,,
Car 120,,,,,2,switch,,"Charger 2 (fid=307904) not available, trying Charger 3 (fid=307905)",506.0293223313507,3,,
Car 79,85.0,7,12,,,done,,done charging,506.09125151759844,,,114.49203245899174
Car 142,,7,12,,,start_charge,,starting to charge at Charger 12 (fid=7),506.09125151759844,,9.623465184692407,
Car 108,,,,,19,switch,,"Charger 19 (fid=14) not available, trying Charger 7 (fid=2)",506.14750381181636,7,,
Car 135,,,,,4,switch,,"Charger 4 (fid=308108) not available, trying Charger 16 (fid=11)",506.24473547823675,16,,
Car 118,,,,,2,switch,,"Charger 2 (fid=307904) not available, trying Charger 3 (fid=307905)",506.6026645942624,3,,
Car 84,,,,,0,switch,,"Charger 0 (fid=308440) not available, trying Charger 18 (fid=13)",506.84402082607005,18,,
Car 143,,,,,0,switch,,"Charger 0 (fid=308440) not available, trying Charger 16 (fid=11)",506.85801414706225,16,,
Car 128,,,,,11,switch,,"Charger 11 (fid=6) not available, trying Charger 18 (fid=13)",506.9310225036784,18,,
Car 140,,,,,16,switch,,"Charger 16 (fid=11) not available, trying Charger 10 (fid=4)",507.1249552435292,10,,
Car 116,,,,,16,switch,,"Charger 16 (fid=11) not available, trying Charger 19 (fid=14)",507.2472717188407,19,,
Car 124,,,,,18,switch,,"Charger 18 (fid=13) not available, trying Charger 0 (fid=308440)",507.5711893297796,0,,
Car 54,,,,,12,switch,,"Charger 12 (fid=7) not available, trying Charger 4 (fid=308108)",507.5733544920862,4,,
Car 144,,,,,12,switch,,"Charger 12 (fid=7) not available, trying Charger 4 (fid=308108)",508.0223816302665,4,,
Car 136,,,,,16,switch,,"Charger 16 (fid=11) not available, trying Charger 18 (fid=13)",508.072350833309,18,,
Car 75,76.0,11,16,,,done,,done charging,508.26685928892,,,189.0663261905347
Car 114,,11,16,,,start_charge,,starting to charge at Charger 16 (fid=11),508.26685928892,,29.86618404599534,
Car 121,,,,,5,switch,,"Charger 5 (fid=5) not available, trying Charger 16 (fid=11)",508.6733797410357,16,,
Car 85,,,,,0,switch,,"Charger 0 (fid=308440) not available, trying Charger 1 (fid=308702)",508.81952461033916,1,,
Car 70,107.0,6,11,,,done,,done charging,508.8375128876911,,,155.83829843806083
Car 129,,6,11,,,start_charge,,starting to charge at Charger 11 (fid=6),508.8375128876911,,18.94563376667992,
Car 55,103.0,307904,2,,,done,,done charging,508.99081039896765,,,225.49196871352584
Car 76,,307904,2,,,start_charge,,starting to charge at Charger 2 (fid=307904),508.99081039896765,,59.16456296597812,
Car 146,,,,,6,switch,,"Charger 6 (fid=1) not available, trying Charger 12 (fid=7)",509.17772395733977,12,,
Car 67,97.0,5,5,,,done,,done charging,509.32659726671386,,,148.98279130526512
Car 94,,,,,6,switch,,"Charger 6 (fid=1) not available, trying Charger 20 (fid=15)",509.4406810876107,20,,
Car 104,,,,,14,switch,,"Charger 14 (fid=9) not available, trying Charger 1 (fid=308702)",509.57555717453573,1,,
Car 147,,,,117,,arrived,,arrived,509.6572813633707,,,
Car 130,,,,,16,switch,,"Charger 16 (fid=11) not available, trying Charger 13 (fid=8)",509.7443997000725,13,,
Car 137,,,,,18,switch,,"Charger 18 (fid=13) not available, trying Charger 11 (fid=6)",509.8486434209475,11,,
Car 115,,,,,6,switch,,"Charger 6 (fid=1) not available, trying Charger 17 (fid=12)",510.568641424511,17,,
Car 131,,,,,16,switch,,"Charger 16 (fid=11) not available, trying Charger 2 (fid=307904)",511.0037450910683,2,,
Car 133,,,,,12,switch,,"Charger 12 (fid=7) not available, trying Charger 20 (fid=15)",511.06787791800923,20,,
Car 109,,,,,2,switch,,"Charger 2 (fid=307904) not available, trying Charger 3 (fid=307905)",511.11937329713885,3,,
Car 120,,,,,3,switch,,"Charger 3 (fid=307905) not available, trying Charger 6 (fid=1)",511.2929485129148,6,,
Car 148,,,,11,,arrived,,arrived,511.68143356527594,,,
Car 118,,,,,3,switch,,"Charger 3 (fid=307905) not available, trying Charger 20 (fid=15)",511.8662907758265,20,,
Car 138,,,,,14,switch,,"Charger 14 (fid=9) not available, trying Charger 16 (fid=11)",512.0257685486089,16,,
Car 66,112.0,308440,0,,,done,,done charging,512.1061334768685,,,138.7101154122966
Car 78,,308440,0,,,start_charge,,starting to charge at Charger 0 (fid=308440),512.1061334768685,,54.430114150816905,
Car 108,,2,7,,,start_charge,,starting to charge at Charger 7 (fid=2),512.4124155612138,,40.0,
Car 132,,,,,18,switch,,"Charger 18 (fid=13) not available, trying Charger 11 (fid=6)",512.7989994442686,11,,
Car 127,,,,,0,switch,,"Charger 0 (fid=308440) not available, trying Charger 10 (fid=4)",512.9718339465005,10,,
Car 141,,,,,16,switch,,"Charger 16 (fid=11) not available, trying Charger 18 (fid=13)",513.458244010753,18,,
Car 117,,,,,16,switch,,"Charger 16 (fid=11) not available, trying Charger 19 (fid=14)",513.7966355965254,19,,
Car 149,,,,61,,arrived,,arrived,513.9206520245325,,,
Car 88,79.0,5,5,,,done,,done charging,514.0587663230715,,,148.86565000518124
Car 84,,,,,18,switch,,"Charger 18 (fid=13) not available, trying Charger 9 (fid=3)",514.071214045372,9,,
Car 150,,,,32,,arrived,,arrived,514.1523561502322,,,
Car 54,,,,,4,switch,,"Charger 4 (fid=308108) not available, trying Charger 17 (fid=12)",514.2356838275168,17,,
Car 116,,,,,19,switch,,"Charger 19 (fid=14) not available, trying Charger 1 (fid=308702)",514.4772039557779,1,,
Car 147,,,,,2,switch,,"Charger 2 (fid=307904) not available, trying Charger 3 (fid=307905)",514.6572813633707,3,,
Car 144,,,,,4,switch,,"Charger 4 (fid=308108) not available, trying Charger 16 (fid=11)",514.6847109656971,16,,
Car 134,,,,,18,switch,,"Charger 18 (fid=13) not available, trying Charger 1 (fid=308702)",514.7445297217716,1,,
Car 124,,,,,0,switch,,"Charger 0 (fid=308440) not available, trying Charger 16 (fid=11)",514.7983825490817,16,,
Car 143,,,,,16,switch,,"Charger 16 (fid=11) not available, trying Charger 11 (fid=6)",514.8338644517066,11,,
Car 140,,,,,10,switch,,"Charger 10 (fid=4) not available, trying Charger 19 (fid=14)",515.5769855820008,19,,
Car 113,55.0,91,8,,,done,,done charging,515.6096270549083,,,94.68924250340527
Car 146,,,,,12,switch,,"Charger 12 (fid=7) not available, trying Charger 4 (fid=308108)",516.1021628455578,4,,
Car 135,,,,,16,switch,,"Charger 16 (fid=11) not available, trying Charger 2 (fid=307904)",516.3665051816783,2,,
Car 109,,,,,3,switch,,"Charger 3 (fid=307905) not available, trying Charger 14 (fid=9)",516.3829994787029,14,,
Car 148,,,,,16,switch,,"Charger 16 (fid=11) not available, trying Charger 11 (fid=6)",516.6814335652759,11,,
Car 85,,,,,1,switch,,"Charger 1 (fid=308702) not available, trying Charger 6 (fid=1)",516.9299772377376,6,,
Car 121,,,,,16,switch,,"Charger 16 (fid=11) not available, trying Charger 19 (fid=14)",517.3314076465107,19,,
Car 115,,,,,17,switch,,"Charger 17 (fid=12) not available, trying Charger 20 (fid=15)",517.339227775301,20,,
Car 120,,,,,6,switch,,"Charger 6 (fid=1) not available, trying Charger 17 (fid=12)",517.4991389058562,17,,
Car 136,,,,,18,switch,,"Charger 18 (fid=13) not available, trying Charger 1 (fid=308702)",517.6721187932718,1,,
Car 128,,,,,18,switch,,"Charger 18 (fid=13) not available, trying Charger 2 (fid=307904)",517.7354349129461,2,,
Car 151,,,,18,,arrived,,arrived,518.1113874008847,,,
Car 130,,,,,13,switch,,"Charger 13 (fid=8) not available, trying Charger 1 (fid=308702)",518.1535499855685,1,,
Car 69,75.0,14,19,,,done,,done charging,518.1867303079847,,,278.5066720776656
Car 150,,14,19,,,start_charge,,starting to charge at Charger 19 (fid=14),518.1867303079847,,4.034374157752495,
Car 152,,,,67,,arrived,,arrived,518.5496352531181,,,
Car 73,108.0,14,19,,,done,,done charging,518.6792363672964,,,138.09370057465117
Car 117,,14,19,,,start_charge,,starting to charge at Charger 19 (fid=14),518.6792363672964,,32.652668533833776,
Car 149,,,,,9,switch,,"Charger 9 (fid=3) not available, trying Charger 14 (fid=9)",518.9206520245325,14,,
Car 94,,,,,20,switch,,"Charger 20 (fid=15) not available, trying Charger 12 (fid=7)",519.07372488057,12,,
Car 153,,,,8,,arrived,,arrived,519.2384080011688,,,
Car 154,,,,37,,arrived,,arrived,519.2839313155698,,,
Car 155,,,,37,,arrived,,arrived,519.4145399948488,,,
Car 104,,,,,1,switch,,"Charger 1 (fid=308702) not available, trying Charger 6 (fid=1)",519.4968089098219,6,,
Car 138,,,,,16,switch,,"Charger 16 (fid=11) not available, trying Charger 13 (fid=8)",519.5556911164415,13,,
Car 131,,,,,2,switch,,"Charger 2 (fid=307904) not available, trying Charger 3 (fid=307905)",519.8222037163453,3,,
Car 147,,,,,3,switch,,"Charger 3 (fid=307905) not available, trying Charger 6 (fid=1)",519.9209075449347,6,,
Car 156,,,,4,,arrived,,arrived,520.0313950432746,,,
Car 157,,,,55,,arrived,,arrived,520.1011129578609,,,
Car 133,,,,,20,switch,,"Charger 20 (fid=15) not available, trying Charger 6 (fid=1)",520.1622253820784,6,,
Car 137,,,,,11,switch,,"Charger 11 (fid=6) not available, trying Charger 16 (fid=11)",520.6530558302152,16,,
Car 158,,,,78,,arrived,,arrived,521.1575911050012,,,
Car 134,,,,,1,switch,,"Charger 1 (fid=308702) not available, trying Charger 14 (fid=9)",521.927720659632,14,,
Car 143,,,,,11,switch,,"Charger 11 (fid=6) not available, trying Charger 2 (fid=307904)",521.9982605851599,2,,
Car 118,,,,,20,switch,,"Charger 20 (fid=15) not available, trying Charger 14 (fid=9)",522.1704249240785,14,,
Car 99,72.0,308702,1,,,done,,done charging,522.2401341949845,,,224.18422580958983
Car 152,,308702,1,,,start_charge,,starting to charge at Charger 1 (fid=308702),522.2401341949845,,3.6904989418663945,
Car 146,,,,,4,switch,,"Charger 4 (fid=308108) not available, trying Charger 16 (fid=11)",522.7644921809883,16,,
Car 124,,,,,16,switch,,"Charger 16 (fid=11) not available, trying Charger 19 (fid=14)",522.7742328537261,19,,
Car 141,,,,,18,switch,,"Charger 18 (fid=13) not available, trying Charger 1 (fid=308702)",523.0580119707158,1,,
Car 151,,,,,19,switch,,"Charger 19 (fid=14) not available, trying Charger 0 (fid=308440)",523.1113874008847,0,,
Car 98,72.0,308108,4,,,done,,done charging,523.1913834430612,,,252.25969385824664
Car 54,,,,,17,switch,,"Charger 17 (fid=12) not available, trying Charger 20 (fid=15)",523.3225496316176,20,,
Car 127,,,,,10,switch,,"Charger 10 (fid=4) not available, trying Charger 19 (fid=14)",523.3230196899642,19,,
Car 116,,,,,1,switch,,"Charger 1 (fid=308702) not available, trying Charger 9 (fid=3)",523.5787754810578,9,,
Car 132,,,,,11,switch,,"Charger 11 (fid=6) not available, trying Charger 1 (fid=308702)",523.6034118535363,1,,
Car 148,,,,,11,switch,,"Charger 11 (fid=6) not available, trying Charger 19 (fid=14)",523.8458296987292,19,,
Car 153,,,,,13,switch,,"Charger 13 (fid=8) not available, trying Charger 15 (fid=10)",524.2384080011688,15,,
Car 120,,,,,17,switch,,"Charger 17 (fid=12) not available, trying Charger 20 (fid=15)",524.2697252566461,20,,
Car 154,,,,,10,switch,,"Charger 10 (fid=4) not available, trying Charger 5 (fid=5)",524.2839313155698,5,,
Car 155,,,,,10,switch,,"Charger 10 (fid=4) not available, trying Charger 5 (fid=5)",524.4145399948488,5,,
Car 121,,,,,19,switch,,"Charger 19 (fid=14) not available, trying Charger 1 (fid=308702)",524.5613398834479,1,,
Car 159,,,,14,,arrived,,arrived,524.6835771384104,,,
Car 160,,,,117,,arrived,,arrived,524.7896734194724,,,
Car 144,,,,,16,switch,,"Charger 16 (fid=11) not available, trying Charger 2 (fid=307904)",524.8064806691388,2,,
Car 136,,,,,1,switch,,"Charger 1 (fid=308702) not available, trying Charger 14 (fid=9)",524.8553097311321,14,,
Car 156,,,,,10,switch,,"Charger 10 (fid=4) not available, trying Charger 5 (fid=5)",525.0313950432746,5,,
Car 131,,,,,3,switch,,"Charger 3 (fid=307905) not available, trying Charger 6 (fid=1)",525.0858298979093,6,,
Car 157,,,,,19,switch,,"Charger 19 (fid=14) not available, trying Charger 0 (fid=308440)",525.1011129578609,0,,
Car 154,,5,5,,,start_charge,,starting to charge at Charger 5 (fid=5),525.1723313639578,,5.0,
Car 140,,,,,19,switch,,"Charger 19 (fid=14) not available, trying Charger 5 (fid=5)",525.1822532577573,5,,
Car 135,,,,,2,switch,,"Charger 2 (fid=307904) not available, trying Charger 3 (fid=307905)",525.1849638069554,3,,
Car 155,,5,5,,,start_charge,,starting to charge at Charger 5 (fid=5),525.3029400432368,,5.0,
Car 147,,,,,6,switch,,"Charger 6 (fid=1) not available, trying Charger 17 (fid=12)",526.1270979378761,17,,
Car 158,,,,,15,switch,,"Charger 15 (fid=10) not available, trying Charger 14 (fid=9)",526.1575911050012,14,,
Car 161,,,,118,,arrived,,arrived,527.4514633643713,,,
Car 109,,,,,14,switch,,"Charger 14 (fid=9) not available, trying Charger 10 (fid=4)",527.4675656140525,10,,
Car 84,,,,,9,switch,,"Charger 9 (fid=3) not available, trying Charger 6 (fid=1)",527.5185843683801,6,,
Car 137,,,,,16,switch,,"Charger 16 (fid=11) not available, trying Charger 2 (fid=307904)",527.8174519636684,2,,
Car 138,,,,,13,switch,,"Charger 13 (fid=8) not available, trying Charger 1 (fid=308702)",527.9648414019375,1,,
Car 162,,,,74,,arrived,,arrived,527.9702795598049,,,
Car 130,,,,,1,switch,,"Charger 1 (fid=308702) not available, trying Charger 15 (fid=10)",528.0027039095564,15,,
Car 149,,,,,14,switch,,"Charger 14 (fid=9) not available, trying Charger 16 (fid=11)",528.0084053257478,16,,
Car 94,,,,,12,switch,,"Charger 12 (fid=7) not available, trying Charger 19 (fid=14)",528.1680723446392,19,,
Car 115,,,,,20,switch,,"Charger 20 (fid=15) not available, trying Charger 11 (fid=6)",528.2077578814017,11,,
Car 128,,,,,2,switch,,"Charger 2 (fid=307904) not available, trying Charger 3 (fid=307905)",528.7863971425031,3,,
Car 85,,,,,6,switch,,"Charger 6 (fid=1) not available, trying Charger 12 (fid=7)",528.7939070400224,12,,
Car 163,,,,15,,arrived,,arrived,528.8895702749443,,,
Car 159,,,,,19,switch,,"Charger 19 (fid=14) not available, trying Charger 0 (fid=308440)",529.6835771384104,0,,
Car 151,,,,,0,switch,,"Charger 0 (fid=308440) not available, trying Charger 16 (fid=11)",529.7057818627499,16,,
Car 160,,,,,2,switch,,"Charger 2 (fid=307904) not available, trying Charger 3 (fid=307905)",529.7896734194724,3,,
Car 133,,,,,6,switch,,"Charger 6 (fid=1) not available, trying Charger 2 (fid=307904)",529.7952691750378,2,,
Car 124,,,,,19,switch,,"Charger 19 (fid=14) not available, trying Charger 13 (fid=8)",530.0041650906633,13,,
Car 141,,,,,1,switch,,"Charger 1 (fid=308702) not available, trying Charger 14 (fid=9)",530.2412029085762,14,,
Car 143,,,,,2,switch,,"Charger 2 (fid=307904) not available, trying Charger 3 (fid=307905)",530.3229448236193,3,,
Car 135,,,,,3,switch,,"Charger 3 (fid=307905) not available, trying Charger 20 (fid=15)",530.4485899885194,20,,
Car 153,,,,,15,switch,,"Charger 15 (fid=10) not available, trying Charger 14 (fid=9)",530.61739305576,14,,
Car 156,,,,,5,switch,,"Charger 5 (fid=5) not available, trying Charger 13 (fid=8)",530.9197950916626,13,,
Car 131,,,,,6,switch,,"Charger 6 (fid=1) not available, trying Charger 17 (fid=12)",531.2920202908507,17,,
Car 104,,,,,6,switch,,"Charger 6 (fid=1) not available, trying Charger 17 (fid=12)",531.3607387121067,17,,
Car 157,,,,,0,switch,,"Charger 0 (fid=308440) not available, trying Charger 16 (fid=11)",531.695507419726,16,,
Car 134,,,,,14,switch,,"Charger 14 (fid=9) not available, trying Charger 11 (fid=6)",531.8489723949182,11,,
Car 148,,,,,19,switch,,"Charger 19 (fid=14) not available, trying Charger 14 (fid=9)",532.0566464525152,14,,
Car 164,,,,67,,arrived,,arrived,532.182570961872,,,
Car 89,95.0,13,18,,,done,,done charging,532.3034072160862,,,175.30007889404655
Car 165,,,,62,,arrived,,arrived,532.4283736522368,,,
Car 161,,,,,2,switch,,"Charger 2 (fid=307904) not available, trying Charger 3 (fid=307905)",532.4514633643713,3,,
Car 158,,,,,14,switch,,"Charger 14 (fid=9) not available, trying Charger 13 (fid=8)",532.6925024612177,13,,
Car 101,77.0,10,15,,,done,,done charging,532.6969676612778,,,127.85811597283961
Car 146,,,,,16,switch,,"Charger 16 (fid=11) not available, trying Charger 2 (fid=307904)",532.8862618844299,2,,
Car 147,,,,,17,switch,,"Charger 17 (fid=12) not available, trying Charger 0 (fid=308440)",532.897684288666,0,,
Car 127,,,,,19,switch,,"Charger 19 (fid=14) not available, trying Charger 16 (fid=11)",532.9282873657207,16,,
Car 162,,,,,2,switch,,"Charger 2 (fid=307904) not available, trying Charger 3 (fid=307905)",532.9702795598049,3,,
Car 118,,,,,14,switch,,"Charger 14 (fid=9) not available, trying Charger 11 (fid=6)",533.3394627334875,11,,
Car 130,,10,15,,,start_charge,,starting to charge at Charger 15 (fid=10),533.6182147861975,,30.0,
Car 144,,,,,2,switch,,"Charger 2 (fid=307904) not available, trying Charger 3 (fid=307905)",533.6249392944158,3,,
Car 121,,,,,1,switch,,"Charger 1 (fid=308702) not available, trying Charger 9 (fid=3)",533.6629114087278,9,,
Car 132,,,,,1,switch,,"Charger 1 (fid=308702) not available, trying Charger 2 (fid=307904)",533.8205236946851,2,,
Car 163,,,,,19,switch,,"Charger 19 (fid=14) not available, trying Charger 0 (fid=308440)",533.8895702749443,0,,
Car 166,,,,89,,arrived,,arrived,533.9381833163853,,,
Car 166,,91,8,,,start_charge,,starting to charge at Charger 8 (fid=91),533.9381833163853,,0.0,
Car 167,,,,4,,arrived,,arrived,533.985711311164,,,
Car 128,,,,,3,switch,,"Charger 3 (fid=307905) not available, trying Charger 14 (fid=9)",534.0500233240672,14,,
Car 168,,,,5,,arrived,,arrived,534.05712946637,,,
Car 54,,,,,20,switch,,"Charger 20 (fid=15) not available, trying Charger 7 (fid=2)",534.1910797377183,7,,
Car 136,,,,,14,switch,,"Charger 14 (fid=9) not available, trying Charger 11 (fid=6)",534.7765614664183,11,,
Car 110,59.0,12,17,,,done,,done charging,534.9177143025848,,,189.999002282857
Car 131,,12,17,,,start_charge,,starting to charge at Charger 17 (fid=12),534.9177143025848,,36.85510766094421,
Car 140,,,,,5,switch,,"Charger 5 (fid=5) not available, trying Charger 0 (fid=308440)",534.9935185005172,0,,
Car 160,,,,,3,switch,,"Charger 3 (fid=307905) not available, trying Charger 6 (fid=1)",535.0532996010364,6,,
Car 120,,,,,20,switch,,"Charger 20 (fid=15) not available, trying Charger 11 (fid=6)",535.1382553627468,11,,
Car 169,,,,35,,arrived,,arrived,535.3679977620461,,,
Car 170,,,,73,,arrived,,arrived,535.4746422911237,,,
Car 149,,,,,16,switch,,"Charger 16 (fid=11) not available, trying Charger 20 (fid=15)",535.5383278935805,20,,
Car 143,,,,,3,switch,,"Charger 3 (fid=307905) not available, trying Charger 18 (fid=13)",535.5865710051834,18,,
Car 171,,,,62,,arrived,,arrived,535.648856784601,,,
Car 172,,,,15,,arrived,,arrived,535.6819905256555,,,
Car 85,,,,,12,switch,,"Charger 12 (fid=7) not available, trying Charger 4 (fid=308108)",535.7183459282404,4,,
Car 109,,,,,10,switch,,"Charger 10 (fid=4) not available, trying Charger 6 (fid=1)",535.7401468547137,6,,
Car 133,,,,,2,switch,,"Charger 2 (fid=307904) not available, trying Charger 3 (fid=307905)",535.9851227363583,3,,
Car 159,,,,,0,switch,,"Charger 0 (fid=308440) not available, trying Charger 16 (fid=11)",536.2779716002756,16,,
Car 116,,,,,9,switch,,"Charger 9 (fid=3) not available, trying Charger 11 (fid=6)",536.438845235947,11,,
Car 137,,,,,2,switch,,"Charger 2 (fid=307904) not available, trying Charger 3 (fid=307905)",536.6359105889454,3,,
Car 153,,,,,14,switch,,"Charger 14 (fid=9) not available, trying Charger 10 (fid=4)",537.1523044119765,10,,
Car 164,,,,,1,switch,,"Charger 1 (fid=308702) not available, trying Charger 16 (fid=11)",537.182570961872,16,,
Car 173,,,,54,,arrived,,arrived,537.3767434789496,,,
Car 85,,308108,4,,,start_charge,,starting to charge at Charger 4 (fid=308108),537.3806752636709,,65.0,
Car 165,,,,,16,switch,,"Charger 16 (fid=11) not available, trying Charger 11 (fid=6)",537.4283736522368,11,,
Car 105,87.0,307905,3,,,done,,done charging,537.5368838737977,,,125.81502135871145
Car 161,,307905,3,,,start_charge,,starting to charge at Charger 3 (fid=307905),537.5368838737977,,9.821794327862335,
Car 102,93.0,4,10,,,done,,done charging,537.5592738620694,,,30.915951735763496
Car 167,,4,10,,,start_charge,,starting to charge at Charger 10 (fid=4),537.5592738620694,,3.5735625509054216,
Car 86,85.0,11,16,,,done,,done charging,537.6523816097933,,,229.30435035886921
Car 151,,11,16,,,start_charge,,starting to charge at Charger 16 (fid=11),537.6523816097933,,14.970749442399097,
Car 174,,,,31,,arrived,,arrived,537.7064290469264,,,
Car 138,,,,,1,switch,,"Charger 1 (fid=308702) not available, trying Charger 15 (fid=10)",537.8139953259255,15,,
Car 175,,,,60,,arrived,,arrived,538.1120978010184,,,
Car 104,,,,,17,switch,,"Charger 17 (fid=12) not available, trying Charger 10 (fid=4)",538.1313250628966,10,,
Car 162,,,,,3,switch,,"Charger 3 (fid=307905) not available, trying Charger 6 (fid=1)",538.233905741369,6,,
Car 176,,,,16,,arrived,,arrived,538.2652966440086,,,
Car 84,,,,,6,switch,,"Charger 6 (fid=1) not available, trying Charger 2 (fid=307904)",538.3525505181004,2,,
Car 112,62.0,1,6,,,done,,done charging,538.594308144335,,,194.59952929982626
Car 160,,1,6,,,start_charge,,starting to charge at Charger 6 (fid=1),538.594308144335,,12.334818150357137,
Car 94,,,,,19,switch,,"Charger 19 (fid=14) not available, trying Charger 4 (fid=308108)",538.7053111237504,4,,
Car 156,,,,,13,switch,,"Charger 13 (fid=8) not available, trying Charger 15 (fid=10)",538.8551630312824,15,,
Car 144,,,,,3,switch,,"Charger 3 (fid=307905) not available, trying Charger 20 (fid=15)",538.8885654759798,20,,
Car 115,,,,,11,switch,,"Charger 11 (fid=6) not available, trying Charger 19 (fid=14)",538.9361966826915,19,,
Car 168,,,,,5,switch,,"Charger 5 (fid=5) not available, trying Charger 10 (fid=4)",539.05712946637,10,,
Car 158,,,,,13,switch,,"Charger 13 (fid=8) not available, trying Charger 5 (fid=5)",539.1124069844444,5,,
Car 177,,,,48,,arrived,,arrived,539.4342428012382,,,
Car 157,,,,,16,switch,,"Charger 16 (fid=11) not available, trying Charger 18 (fid=13)",539.6713577243704,18,,
Car 124,,,,,13,switch,,"Charger 13 (fid=8) not available, trying Charger 15 (fid=10)",539.8478833037186,15,,
Car 127,,,,,16,switch,,"Charger 16 (fid=11) not available, trying Charger 13 (fid=8)",540.1582196026579,13,,
Car 141,,,,,14,switch,,"Charger 14 (fid=9) not available, trying Charger 11 (fid=6)",540.1624546438624,11,,
Car 169,,,,,19,switch,,"Charger 19 (fid=14) not available, trying Charger 0 (fid=308440)",540.3679977620461,0,,
Car 170,,,,,14,switch,,"Charger 14 (fid=9) not available, trying Charger 16 (fid=11)",540.4746422911237,16,,
Car 163,,,,,0,switch,,"Charger 0 (fid=308440) not available, trying Charger 11 (fid=6)",540.4839647368094,11,,
Car 178,,,,62,,arrived,,arrived,540.633076115074,,,
Car 171,,,,,16,switch,,"Charger 16 (fid=11) not available, trying Charger 11 (fid=6)",540.648856784601,11,,
Car 172,,,,,20,switch,,"Charger 20 (fid=15) not available, trying Charger 9 (fid=3)",540.6819905256555,9,,
Car 135,,,,,20,switch,,"Charger 20 (fid=15) not available, trying Charger 14 (fid=9)",540.7527241367715,14,,
Car 179,,,,40,,arrived,,arrived,540.786616627876,,,
Car 148,,,,,14,switch,,"Charger 14 (fid=9) not available, trying Charger 0 (fid=308440)",541.1283424867862,0,,
Car 133,,,,,3,switch,,"Charger 3 (fid=307905) not available, trying Charger 17 (fid=12)",541.2487489179224,17,,
Car 134,,,,,11,switch,,"Charger 11 (fid=6) not available, trying Charger 10 (fid=4)",541.2649053924687,10,,
Car 96,104.0,7,12,,,done,,done charging,541.3397880740506,,,114.49203245899174
Car 122,59.0,13,18,,,done,,done charging,541.3909966766296,,,69.12834146429454
Car 180,,,,62,,arrived,,arrived,541.583607530142,,,
Car 143,,13,18,,,start_charge,,starting to charge at Charger 18 (fid=13),541.6538700663612,,30.0,
Car 146,,,,,2,switch,,"Charger 2 (fid=307904) not available, trying Charger 3 (fid=307905)",541.7047205097069,3,,
Car 137,,,,,3,switch,,"Charger 3 (fid=307905) not available, trying Charger 1 (fid=308702)",541.8995367705095,1,,
Car 181,,,,54,,arrived,,arrived,542.0509889850439,,,
Car 173,,,,,19,switch,,"Charger 19 (fid=14) not available, trying Charger 16 (fid=11)",542.3767434789496,16,,
Car 174,,,,,19,switch,,"Charger 19 (fid=14) not available, trying Charger 0 (fid=308440)",542.7064290469264,0,,
Car 118,,,,,11,switch,,"Charger 11 (fid=6) not available, trying Charger 9 (fid=3)",542.755395731038,9,,
Car 175,,,,,16,switch,,"Charger 16 (fid=11) not available, trying Charger 11 (fid=6)",543.1120978010184,11,,
Car 147,,,,,0,switch,,"Charger 0 (fid=308440) not available, trying Charger 12 (fid=7)",543.2062192526421,12,,
Car 176,,,,,16,switch,,"Charger 16 (fid=11) not available, trying Charger 19 (fid=14)",543.2652966440086,19,,
Car 54,,,,,7,switch,,"Charger 7 (fid=2) not available, trying Charger 8 (fid=91)",543.403301653973,8,,
Car 136,,,,,11,switch,,"Charger 11 (fid=6) not available, trying Charger 10 (fid=4)",544.1924944639688,10,,
Car 159,,,,,16,switch,,"Charger 16 (fid=11) not available, trying Charger 11 (fid=6)",544.25382190492,11,,
Car 157,,13,18,,,start_charge,,starting to charge at Charger 18 (fid=13),544.2711256843332,,15.0,
Car 177,,,,,1,switch,,"Charger 1 (fid=308702) not available, trying Charger 5 (fid=5)",544.4342428012382,5,,
Car 162,,,,,6,switch,,"Charger 6 (fid=1) not available, trying Charger 17 (fid=12)",544.4400961343104,17,,
Car 84,,,,,2,switch,,"Charger 2 (fid=307904) not available, trying Charger 3 (fid=307905)",544.542404079421,3,,
Car 165,,,,,11,switch,,"Charger 11 (fid=6) not available, trying Charger 14 (fid=9)",544.59276978569,14,,
Car 92,69.0,12,17,,,done,,done charging,544.6059758069705,,,281.51617332817716
Car 133,,12,17,,,start_charge,,starting to charge at Charger 17 (fid=12),544.6059758069705,,42.12155324240132,
Car 168,,,,,10,switch,,"Charger 10 (fid=4) not available, trying Charger 13 (fid=8)",544.945529514758,13,,
Car 182,,,,34,,arrived,,arrived,545.1084606170065,,,
Car 128,,,,,14,switch,,"Charger 14 (fid=9) not available, trying Charger 1 (fid=308702)",545.1345894594168,1,,
Car 54,,91,8,,,start_charge,,starting to charge at Charger 8 (fid=91),545.2302928410018,,100.00000000000006,
Car 156,,,,,15,switch,,"Charger 15 (fid=10) not available, trying Charger 14 (fid=9)",545.2341480858736,14,,
Car 132,,,,,2,switch,,"Charger 2 (fid=307904) not available, trying Charger 3 (fid=307905)",545.3083030728305,3,,
Car 153,,,,,10,switch,,"Charger 10 (fid=4) not available, trying Charger 5 (fid=5)",545.4248856526376,5,,
Car 140,,,,,0,switch,,"Charger 0 (fid=308440) not available, trying Charger 14 (fid=9)",545.5507018109844,14,,
Car 178,,,,,16,switch,,"Charger 16 (fid=11) not available, trying Charger 11 (fid=6)",545.633076115074,11,,
Car 179,,,,,9,switch,,"Charger 9 (fid=3) not available, trying Charger 14 (fid=9)",545.786616627876,14,,
Car 120,,,,,11,switch,,"Charger 11 (fid=6) not available, trying Charger 19 (fid=14)",545.8666941640366,19,,
Car 149,,,,,20,switch,,"Charger 20 (fid=15) not available, trying Charger 15 (fid=10)",546.080272987758,15,,
Car 164,,,,,16,switch,,"Charger 16 (fid=11) not available, trying Charger 10 (fid=4)",546.1950383537159,10,,
Car 124,,,,,15,switch,,"Charger 15 (fid=10) not available, trying Charger 14 (fid=9)",546.2268683583098,14,,
Car 116,,,,,11,switch,,"Charger 11 (fid=6) not available, trying Charger 0 (fid=308440)",546.2337138720682,0,,
Car 121,,,,,9,switch,,"Charger 9 (fid=3) not available, trying Charger 11 (fid=6)",546.522981163617,11,,
Car 180,,,,,16,switch,,"Charger 16 (fid=11) not available, trying Charger 11 (fid=6)",546.583607530142,11,,
Car 95,52.0,8,13,,,done,,done charging,546.755316976921,,,413.9336267823665
Car 127,,8,13,,,start_charge,,starting to charge at Charger 13 (fid=8),546.755316976921,,38.187947088766975,
Car 183,,,,61,,arrived,,arrived,546.953398166202,,,
Car 169,,,,,0,switch,,"Charger 0 (fid=308440) not available, trying Charger 16 (fid=11)",546.9623922239113,16,,
Car 146,,,,,3,switch,,"Charger 3 (fid=307905) not available, trying Charger 20 (fid=15)",546.968346691271,20,,
Car 158,,,,,5,switch,,"Charger 5 (fid=5) not available, trying Charger 16 (fid=11)",547.0477749240641,16,,
Car 181,,,,,19,switch,,"Charger 19 (fid=14) not available, trying Charger 16 (fid=11)",547.0509889850439,16,,
Car 115,,,,,19,switch,,"Charger 19 (fid=14) not available, trying Charger 16 (fid=11)",547.1470134364776,16,,
Car 109,,,,,6,switch,,"Charger 6 (fid=1) not available, trying Charger 17 (fid=12)",547.6778420707526,17,,
Car 171,,,,,11,switch,,"Charger 11 (fid=6) not available, trying Charger 14 (fid=9)",547.8132529180542,14,,
Car 97,96.0,4,10,,,done,,done charging,547.863567590359,,,250.94265816640518
Car 104,,4,10,,,start_charge,,starting to charge at Charger 10 (fid=4),547.863567590359,,56.80288578908187,
Car 170,,,,,16,switch,,"Charger 16 (fid=11) not available, trying Charger 10 (fid=4)",548.0045648589563,10,,
Car 184,,,,21,,arrived,,arrived,548.3257028645469,,,
Car 138,,,,,15,switch,,"Charger 15 (fid=10) not available, trying Charger 19 (fid=14)",548.4295062025666,19,,
Car 172,,,,,9,switch,,"Charger 9 (fid=3) not available, trying Charger 12 (fid=7)",549.1135157776419,12,,
Car 144,,,,,20,switch,,"Charger 20 (fid=15) not available, trying Charger 14 (fid=9)",549.1926996242319,14,,
Car 174,,,,,0,switch,,"Charger 0 (fid=308440) not available, trying Charger 16 (fid=11)",549.3008235087915,16,,
Car 141,,,,,11,switch,,"Charger 11 (fid=6) not available, trying Charger 2 (fid=307904)",549.5783876414129,2,,
Car 173,,,,,16,switch,,"Charger 16 (fid=11) not available, trying Charger 0 (fid=308440)",549.6066757158868,0,,
Car 147,,7,12,,,start_charge,,starting to charge at Charger 12 (fid=7),549.6407376929485,,24.999999999999943,
Car 163,,,,,11,switch,,"Charger 11 (fid=6) not available, trying Charger 16 (fid=11)",549.6524957256622,16,,
Car 84,,,,,3,switch,,"Charger 3 (fid=307905) not available, trying Charger 12 (fid=7)",549.806030260985,12,,
Car 182,,,,,1,switch,,"Charger 1 (fid=308702) not available, trying Charger 18 (fid=13)",550.1084606170065,18,,
Car 94,,,,,4,switch,,"Charger 4 (fid=308108) not available, trying Charger 2 (fid=307904)",550.1694905056031,2,,
Car 175,,,,,11,switch,,"Charger 11 (fid=6) not available, trying Charger 14 (fid=9)",550.2764939344717,14,,
Car 176,,,,,19,switch,,"Charger 19 (fid=14) not available, trying Charger 0 (fid=308440)",550.4952288809458,0,,
Car 132,,,,,3,switch,,"Charger 3 (fid=307905) not available, trying Charger 14 (fid=9)",550.5719292543946,14,,
Car 80,117.0,9,14,,,done,,done charging,550.9390343927274,,,284.4546795793012
Car 156,,9,14,,,start_charge,,starting to charge at Charger 14 (fid=9),550.9390343927274,,24.16997495063731,
Car 148,,,,,0,switch,,"Charger 0 (fid=308440) not available, trying Charger 15 (fid=10)",550.9459565887645,15,,
Car 162,,,,,17,switch,,"Charger 17 (fid=12) not available, trying Charger 0 (fid=308440)",551.2106824851003,0,,
Car 153,,,,,5,switch,,"Charger 5 (fid=5) not available, trying Charger 16 (fid=11)",551.3132857010256,16,,
Car 159,,,,,11,switch,,"Charger 11 (fid=6) not available, trying Charger 18 (fid=13)",551.4182180383732,18,,
Car 134,,,,,10,switch,,"Charger 10 (fid=4) not available, trying Charger 2 (fid=307904)",551.5929329323939,2,,
Car 135,,,,,14,switch,,"Charger 14 (fid=9) not available, trying Charger 11 (fid=6)",551.9217619461805,11,,
Car 183,,,,,9,switch,,"Charger 9 (fid=3) not available, trying Charger 14 (fid=9)",551.953398166202,14,,
Car 185,,,,51,,arrived,,arrived,552.1001668998158,,,
Car 168,,,,,13,switch,,"Charger 13 (fid=8) not available, trying Charger 1 (fid=308702)",552.4108343341304,1,,
Car 118,,,,,9,switch,,"Charger 9 (fid=3) not available, trying Charger 17 (fid=12)",552.5502643671591,17,,
Car 124,,,,,14,switch,,"Charger 14 (fid=9) not available, trying Charger 11 (fid=6)",552.7617797145264,11,,
Car 178,,,,,11,switch,,"Charger 11 (fid=6) not available, trying Charger 14 (fid=9)",552.7974722485272,14,,
Car 177,,,,,5,switch,,"Charger 5 (fid=5) not available, trying Charger 10 (fid=4)",552.9893561586581,10,,
Car 184,,,,,2,switch,,"Charger 2 (fid=307904) not available, trying Charger 3 (fid=307905)",553.3257028645469,3,,
Car 137,,,,,1,switch,,"Charger 1 (fid=308702) not available, trying Charger 6 (fid=1)",553.4036529802756,6,,
Car 180,,,,,11,switch,,"Charger 11 (fid=6) not available, trying Charger 14 (fid=9)",553.7480036635952,14,,
Car 119,84.0,3,9,,,done,,done charging,553.862827159041,,,52.897065614166266
Car 165,,,,,14,switch,,"Charger 14 (fid=9) not available, trying Charger 9 (fid=3)",554.0087027832406,9,,
Car 186,,,,5,,arrived,,arrived,554.0220356399022,,,
Car 120,,,,,19,switch,,"Charger 19 (fid=14) not available, trying Charger 16 (fid=11)",554.0775109178227,16,,
Car 181,,,,,16,switch,,"Charger 16 (fid=11) not available, trying Charger 0 (fid=308440)",554.2809212219811,0,,
Car 115,,,,,16,switch,,"Charger 16 (fid=11) not available, trying Charger 0 (fid=308440)",554.3769456734148,0,,
Car 109,,,,,17,switch,,"Charger 17 (fid=12) not available, trying Charger 5 (fid=5)",554.4484284215425,5,,
Car 136,,,,,10,switch,,"Charger 10 (fid=4) not available, trying Charger 2 (fid=307904)",554.520522003894,2,,
Car 164,,,,,10,switch,,"Charger 10 (fid=4) not available, trying Charger 19 (fid=14)",554.6470686921874,19,,
Car 179,,,,,14,switch,,"Charger 14 (fid=9) not available, trying Charger 16 (fid=11)",554.8743699290914,16,,
Car 169,,,,,16,switch,,"Charger 16 (fid=11) not available, trying Charger 11 (fid=6)",554.9382425285556,11,,
Car 128,,,,,1,switch,,"Charger 1 (fid=308702) not available, trying Charger 6 (fid=1)",555.055841194703,6,,
Car 140,,,,,14,switch,,"Charger 14 (fid=9) not available, trying Charger 11 (fid=6)",555.3683159129627,11,,
Car 116,,,,,0,switch,,"Charger 0 (fid=308440) not available, trying Charger 6 (fid=1)",555.402244860921,6,,
Car 158,,,,,16,switch,,"Charger 16 (fid=11) not available, trying Charger 10 (fid=4)",555.7058028295392,10,,
Car 111,77.0,15,20,,,done,,done charging,555.9141161486489,,,313.6380226264141
Car 185,,15,20,,,start_charge,,starting to charge at Charger 20 (fid=15),555.9141161486489,,3.813949248833069,
Car 121,,,,,11,switch,,"Charger 11 (fid=6) not available, trying Charger 0 (fid=308440)",556.3178497997382,0,,
Car 170,,,,,10,switch,,"Charger 10 (fid=4) not available, trying Charger 5 (fid=5)",556.4565951974279,5,,
Car 163,,,,,16,switch,,"Charger 16 (fid=11) not available, trying Charger 2 (fid=307904)",556.8168918591155,2,,
Car 176,,,,,0,switch,,"Charger 0 (fid=308440) not available, trying Charger 11 (fid=6)",557.0896233428109,11,,
Car 171,,,,,14,switch,,"Charger 14 (fid=9) not available, trying Charger 9 (fid=3)",557.2291859156047,9,,
Car 146,,,,,20,switch,,"Charger 20 (fid=15) not available, trying Charger 14 (fid=9)",557.272480839523,14,,
Car 174,,,,,16,switch,,"Charger 16 (fid=11) not available, trying Charger 11 (fid=6)",557.2766738134359,11,,
Car 182,,,,,18,switch,,"Charger 18 (fid=13) not available, trying Charger 0 (fid=308440)",557.2916515548668,0,,
Car 84,,,,,12,switch,,"Charger 12 (fid=7) not available, trying Charger 4 (fid=308108)",557.4015595044958,4,,
Car 173,,,,,0,switch,,"Charger 0 (fid=308440) not available, trying Charger 1 (fid=308702)",557.5825260205312,1,,
Car 149,,,,,15,switch,,"Charger 15 (fid=10) not available, trying Charger 11 (fid=6)",557.7638867202566,11,,
Car 141,,,,,2,switch,,"Charger 2 (fid=307904) not available, trying Charger 3 (fid=307905)",557.9030718798723,3,,
Car 165,,3,9,,,start_charge,,starting to charge at Charger 9 (fid=3),558.0964560844559,,15.0,
Car 138,,,,,19,switch,,"Charger 19 (fid=14) not available, trying Charger 11 (fid=6)",558.3882312486118,11,,
Car 184,,,,,3,switch,,"Charger 3 (fid=307905) not available, trying Charger 6 (fid=1)",558.589329046111,6,,
Car 187,,,,13,,arrived,,arrived,558.6701624342638,,,
Car 94,,,,,2,switch,,"Charger 2 (fid=307904) not available, trying Charger 3 (fid=307905)",558.6756235202345,3,,
Car 177,,,,,10,switch,,"Charger 10 (fid=4) not available, trying Charger 18 (fid=13)",558.8777562070461,18,,
Car 186,,,,,5,switch,,"Charger 5 (fid=5) not available, trying Charger 10 (fid=4)",559.0220356399022,10,,
Car 175,,,,,14,switch,,"Charger 14 (fid=9) not available, trying Charger 9 (fid=3)",559.6924269320222,9,,
Car 188,,,,7,,arrived,,arrived,559.838586964501,,,
Car 172,,,,,12,switch,,"Charger 12 (fid=7) not available, trying Charger 7 (fid=2)",559.887273314048,7,,
Car 153,,,,,16,switch,,"Charger 16 (fid=11) not available, trying Charger 19 (fid=14)",559.9713136065006,19,,
Car 144,,,,,14,switch,,"Charger 14 (fid=9) not available, trying Charger 11 (fid=6)",560.3617374336409,11,,
Car 183,,,,,14,switch,,"Charger 14 (fid=9) not available, trying Charger 16 (fid=11)",561.0411514674173,16,,
Car 120,,,,,16,switch,,"Charger 16 (fid=11) not available, trying Charger 0 (fid=308440)",561.3074431547599,0,,
Car 135,,,,,11,switch,,"Charger 11 (fid=6) not available, trying Charger 9 (fid=3)",561.337694943731,9,,
Car 162,,,,,0,switch,,"Charger 0 (fid=308440) not available, trying Charger 12 (fid=7)",561.5192174490763,12,,
Car 148,,,,,15,switch,,"Charger 15 (fid=10) not available, trying Charger 13 (fid=8)",561.6505997025168,13,,
Car 132,,,,,14,switch,,"Charger 14 (fid=9) not available, trying Charger 10 (fid=4)",561.6564953897442,10,,
Car 189,,,,29,,arrived,,arrived,561.7541809736296,,,
Car 169,,,,,11,switch,,"Charger 11 (fid=6) not available, trying Charger 2 (fid=307904)",562.1026386620089,2,,
Car 124,,,,,11,switch,,"Charger 11 (fid=6) not available, trying Charger 2 (fid=307904)",562.1777127120769,2,,
Car 178,,,,,14,switch,,"Charger 14 (fid=9) not available, trying Charger 9 (fid=3)",562.2134052460777,9,,
Car 159,,,,,18,switch,,"Charger 18 (fid=13) not available, trying Charger 2 (fid=307904)",562.2226304476409,2,,
Car 181,,,,,0,switch,,"Charger 0 (fid=308440) not available, trying Charger 1 (fid=308702)",562.2567715266255,1,,
Car 168,,,,,1,switch,,"Charger 1 (fid=308702) not available, trying Charger 14 (fid=9)",562.2599882581184,14,,
Car 170,,,,,5,switch,,"Charger 5 (fid=5) not available, trying Charger 13 (fid=8)",562.3449952458159,13,,
Car 115,,,,,0,switch,,"Charger 0 (fid=308440) not available, trying Charger 9 (fid=3)",562.3527959780591,9,,
Car 179,,,,,16,switch,,"Charger 16 (fid=11) not available, trying Charger 6 (fid=1)",562.404292496924,6,,
Car 190,,,,40,,arrived,,arrived,562.8694815361587,,,
Car 78,51.0,308440,0,,,done,,done charging,563.1061334768685,,,462.9133697619105
Car 182,,308440,0,,,start_charge,,starting to charge at Charger 0 (fid=308440),563.1061334768685,,13.587288702699766,
Car 180,,,,,14,switch,,"Charger 14 (fid=9) not available, trying Charger 9 (fid=3)",563.1639366611457,9,,
Car 141,,,,,3,switch,,"Charger 3 (fid=307905) not available, trying Charger 10 (fid=4)",563.1666980614364,10,,
Car 134,,,,,2,switch,,"Charger 2 (fid=307904) not available, trying Charger 3 (fid=307905)",563.5502422056917,3,,
Car 187,,,,,18,switch,,"Charger 18 (fid=13) not available, trying Charger 1 (fid=308702)",563.6701624342638,1,,
Car 94,,,,,3,switch,,"Charger 3 (fid=307905) not available, trying Charger 0 (fid=308440)",563.9392497017985,0,,
Car 84,,,,,4,switch,,"Charger 4 (fid=308108) not available, trying Charger 17 (fid=12)",564.0638888399263,17,,
Car 158,,,,,10,switch,,"Charger 10 (fid=4) not available, trying Charger 9 (fid=3)",564.1578331680107,9,,
Car 164,,,,,19,switch,,"Charger 19 (fid=14) not available, trying Charger 5 (fid=5)",564.2523363679439,5,,
Car 174,,,,,11,switch,,"Charger 11 (fid=6) not available, trying Charger 2 (fid=307904)",564.4410699468891,2,,
Car 118,,,,,17,switch,,"Charger 17 (fid=12) not available, trying Charger 15 (fid=10)",564.6197168300207,15,,
Car 140,,,,,11,switch,,"Charger 11 (fid=6) not available, trying Charger 18 (fid=13)",564.7842489105132,18,,
Car 184,,,,,6,switch,,"Charger 6 (fid=1) not available, trying Charger 17 (fid=12)",564.7955194390523,17,,
Car 126,70.0,8,13,,,done,,done charging,564.8259926969731,,,150.94559297924337
Car 148,,8,13,,,start_charge,,starting to charge at Charger 13 (fid=8),564.8259926969731,,31.79640793986505,
Car 188,,,,,12,switch,,"Charger 12 (fid=7) not available, trying Charger 4 (fid=308108)",564.838586964501,4,,
Car 186,,,,,10,switch,,"Charger 10 (fid=4) not available, trying Charger 13 (fid=8)",564.9104356882902,13,,
Car 137,,,,,6,switch,,"Charger 6 (fid=1) not available, trying Charger 17 (fid=12)",565.2675827825605,17,,
Car 121,,,,,0,switch,,"Charger 0 (fid=308440) not available, trying Charger 6 (fid=1)",565.486380788591,6,,
Car 163,,,,,2,switch,,"Charger 2 (fid=307904) not available, trying Charger 3 (fid=307905)",565.6353504843925,3,,
Car 116,,,,,6,switch,,"Charger 6 (fid=1) not available, trying Charger 12 (fid=7)",565.6812965711915,12,,
Car 173,,,,,1,switch,,"Charger 1 (fid=308702) not available, trying Charger 14 (fid=9)",565.6929786479296,14,,
Car 103,115.0,308108,4,,,done,,done charging,566.2284452640918,,,216.4729283879323
Car 176,,,,,11,switch,,"Charger 11 (fid=6) not available, trying Charger 14 (fid=9)",566.2581543316637,14,,
Car 171,,,,,9,switch,,"Charger 9 (fid=3) not available, trying Charger 15 (fid=10)",566.3169392168201,15,,
Car 136,,,,,2,switch,,"Charger 2 (fid=307904) not available, trying Charger 3 (fid=307905)",566.4778312771919,3,,
Car 188,,308108,4,,,start_charge,,starting to charge at Charger 4 (fid=308108),566.5009162999315,,5.0,
Car 138,,,,,11,switch,,"Charger 11 (fid=6) not available, trying Charger 0 (fid=308440)",566.5990480023978,0,,
Car 189,,,,,1,switch,,"Charger 1 (fid=308702) not available, trying Charger 18 (fid=13)",566.7541809736296,18,,
Car 128,,,,,6,switch,,"Charger 6 (fid=1) not available, trying Charger 17 (fid=12)",566.9197709969878,17,,
Car 172,,,,,7,switch,,"Charger 7 (fid=2) not available, trying Charger 4 (fid=308108)",567.0714937795027,4,,
Car 153,,,,,19,switch,,"Charger 19 (fid=14) not available, trying Charger 1 (fid=308702)",567.2012458434378,1,,
Car 109,,,,,5,switch,,"Charger 5 (fid=5) not available, trying Charger 13 (fid=8)",567.5837827269264,13,,
Car 149,,,,,11,switch,,"Charger 11 (fid=6) not available, trying Charger 13 (fid=8)",567.747995692299,13,,
Car 107,105.0,308440,0,,,done,,done charging,567.7556667467094,,,146.3692402028181
Car 120,,308440,0,,,start_charge,,starting to charge at Charger 0 (fid=308440),567.7556667467094,,63.47237328730512,
Car 190,,,,,9,switch,,"Charger 9 (fid=3) not available, trying Charger 14 (fid=9)",567.8694815361587,14,,
Car 191,,,,68,,arrived,,arrived,568.2906071462787,,,
Car 146,,,,,14,switch,,"Charger 14 (fid=9) not available, trying Charger 11 (fid=6)",568.4415186489321,11,,
Car 183,,,,,16,switch,,"Charger 16 (fid=11) not available, trying Charger 20 (fid=15)",568.5710740352499,20,,
Car 175,,,,,9,switch,,"Charger 9 (fid=3) not available, trying Charger 15 (fid=10)",568.7801802332375,15,,
Car 134,,,,,3,switch,,"Charger 3 (fid=307905) not available, trying Charger 5 (fid=5)",568.8138683872558,5,,
Car 177,,,,,18,switch,,"Charger 18 (fid=13) not available, trying Charger 0 (fid=308440)",569.0450267129304,0,,
Car 192,,,,72,,arrived,,arrived,569.199120039705,,,
Car 193,,,,29,,arrived,,arrived,569.3298735741405,,,
Car 144,,,,,11,switch,,"Charger 11 (fid=6) not available, trying Charger 9 (fid=3)",569.7776704311914,9,,
Car 132,,,,,10,switch,,"Charger 10 (fid=4) not available, trying Charger 6 (fid=1)",569.9290766304053,6,,
Car 170,,,,,13,switch,,"Charger 13 (fid=8) not available, trying Charger 15 (fid=10)",570.2803631854356,15,,
Car 181,,,,,1,switch,,"Charger 1 (fid=308702) not available, trying Charger 14 (fid=9)",570.3672241540239,14,,
Car 169,,,,,2,switch,,"Charger 2 (fid=307904) not available, trying Charger 3 (fid=307905)",570.4273229004683,3,,
Car 124,,,,,2,switch,,"Charger 2 (fid=307904) not available, trying Charger 3 (fid=307905)",570.5023969505363,3,,
Car 187,,,,,1,switch,,"Charger 1 (fid=308702) not available, trying Charger 0 (fid=308440)",570.8533533721242,0,,
Car 163,,,,,3,switch,,"Charger 3 (fid=307905) not available, trying Charger 6 (fid=1)",570.8989766659565,6,,
Car 135,,,,,9,switch,,"Charger 9 (fid=3) not available, trying Charger 17 (fid=12)",571.1325635798521,17,,
Car 179,,,,,6,switch,,"Charger 6 (fid=1) not available, trying Charger 20 (fid=15)",571.1619274772406,20,,
Car 178,,,,,9,switch,,"Charger 9 (fid=3) not available, trying Charger 15 (fid=10)",571.3011585472931,15,,
Car 194,,,,26,,arrived,,arrived,571.3791775278906,,,
Car 184,,,,,17,switch,,"Charger 17 (fid=12) not available, trying Charger 0 (fid=308440)",571.5661057898423,0,,
Car 195,,,,19,,arrived,,arrived,571.5845187483619,,,
Car 136,,,,,3,switch,,"Charger 3 (fid=307905) not available, trying Charger 5 (fid=5)",571.7414574587559,5,,
Car 137,,,,,17,switch,,"Charger 17 (fid=12) not available, trying Charger 14 (fid=9)",572.0381691333504,14,,
Car 139,68.0,1,6,,,done,,done charging,572.1250942424127,,,273.00799904866005
Car 121,,1,6,,,start_charge,,starting to charge at Charger 6 (fid=1),572.1250942424127,,56.359661743551214,
Car 168,,,,,14,switch,,"Charger 14 (fid=9) not available, trying Charger 16 (fid=11)",572.1812399934046,16,,
Car 180,,,,,9,switch,,"Charger 9 (fid=3) not available, trying Charger 15 (fid=10)",572.2516899623611,15,,
Car 186,,,,,13,switch,,"Charger 13 (fid=8) not available, trying Charger 1 (fid=308702)",572.3757405076626,1,,
Car 196,,,,8,,arrived,,arrived,572.6027206124826,,,
Car 116,,,,,12,switch,,"Charger 12 (fid=7) not available, trying Charger 18 (fid=13)",572.6057354594095,18,,
Car 174,,,,,2,switch,,"Charger 2 (fid=307904) not available, trying Charger 3 (fid=307905)",572.7657541853486,3,,
Car 162,,,,,12,switch,,"Charger 12 (fid=7) not available, trying Charger 19 (fid=14)",572.9537358893828,19,,
Car 197,,,,6,,arrived,,arrived,573.036503815681,,,
Car 84,,,,,17,switch,,"Charger 17 (fid=12) not available, trying Charger 20 (fid=15)",573.1507546440271,20,,
Car 159,,,,,2,switch,,"Charger 2 (fid=307904) not available, trying Charger 3 (fid=307905)",573.2735926771979,3,,
Car 191,,,,,0,switch,,"Charger 0 (fid=308440) not available, trying Charger 19 (fid=14)",573.2906071462787,19,,
Car 94,,,,,0,switch,,"Charger 0 (fid=308440) not available, trying Charger 17 (fid=12)",573.2920740323126,17,,
Car 172,,,,,4,switch,,"Charger 4 (fid=308108) not available, trying Charger 6 (fid=1)",573.6742781794619,6,,
Car 128,,,,,17,switch,,"Charger 17 (fid=12) not available, trying Charger 10 (fid=4)",573.6903573477778,10,,
Car 129,65.0,6,11,,,done,,done charging,573.8375128876911,,,219.7779854804626
Car 146,,6,11,,,start_charge,,starting to charge at Charger 11 (fid=6),573.8375128876911,,40.980061241208546,
Car 189,,,,,18,switch,,"Charger 18 (fid=13) not available, trying Charger 0 (fid=308440)",573.9373719114899,0,,
Car 91,80.0,10,15,,,done,,done charging,573.9642150573227,,,526.8643398572934
Car 171,,10,15,,,start_charge,,starting to charge at Charger 15 (fid=10),573.9642150573227,,23.04725191824332,
Car 164,,,,,5,switch,,"Charger 5 (fid=5) not available, trying Charger 0 (fid=308440)",574.0636016107038,0,,
Car 115,,,,,9,switch,,"Charger 9 (fid=3) not available, trying Charger 14 (fid=9)",574.1762486457487,14,,
Car 192,,,,,19,switch,,"Charger 19 (fid=14) not available, trying Charger 0 (fid=308440)",574.199120039705,0,,
Car 193,,,,,19,switch,,"Charger 19 (fid=14) not available, trying Charger 0 (fid=308440)",574.3298735741405,0,,
Car 141,,,,,10,switch,,"Charger 10 (fid=4) not available, trying Charger 5 (fid=5)",575.1403441663549,5,,
Car 109,,,,,13,switch,,"Charger 13 (fid=8) not available, trying Charger 15 (fid=10)",575.5191506665461,15,,
Car 140,,,,,18,switch,,"Charger 18 (fid=13) not available, trying Charger 13 (fid=8)",575.5886613197808,13,,
Car 173,,,,,14,switch,,"Charger 14 (fid=9) not available, trying Charger 11 (fid=6)",575.6142303832158,11,,
Car 198,,,,61,,arrived,,arrived,575.6692104546353,,,
Car 176,,,,,14,switch,,"Charger 14 (fid=9) not available, trying Charger 1 (fid=308702)",575.6740873292142,1,,
Car 169,,,,,3,switch,,"Charger 3 (fid=307905) not available, trying Charger 18 (fid=13)",575.6909490820324,18,,
Car 158,,,,,9,switch,,"Charger 9 (fid=3) not available, trying Charger 19 (fid=14)",575.7473292719194,19,,
Car 124,,,,,3,switch,,"Charger 3 (fid=307905) not available, trying Charger 6 (fid=1)",575.7660231321004,6,,
Car 138,,,,,0,switch,,"Charger 0 (fid=308440) not available, trying Charger 18 (fid=13)",575.7675789912506,18,,
Car 177,,,,,0,switch,,"Charger 0 (fid=308440) not available, trying Charger 16 (fid=11)",576.2722199322324,16,,
Car 153,,,,,1,switch,,"Charger 1 (fid=308702) not available, trying Charger 9 (fid=3)",576.3028173687178,9,,
Car 194,,,,,0,switch,,"Charger 0 (fid=308440) not available, trying Charger 19 (fid=14)",576.3791775278906,19,,
Car 199,,,,73,,arrived,,arrived,576.4875089112429,,,
Car 195,,,,,0,switch,,"Charger 0 (fid=308440) not available, trying Charger 19 (fid=14)",576.5845187483619,19,,
Car 170,,,,,15,switch,,"Charger 15 (fid=10) not available, trying Charger 19 (fid=14)",576.6593482400268,19,,
Car 118,,,,,15,switch,,"Charger 15 (fid=10) not available, trying Charger 7 (fid=2)",576.8803346784921,7,,
Car 190,,,,,14,switch,,"Charger 14 (fid=9) not available, trying Charger 16 (fid=11)",576.957234837374,16,,
Car 163,,,,,6,switch,,"Charger 6 (fid=1) not available, trying Charger 17 (fid=12)",577.1051670588979,17,,
Car 196,,,,,13,switch,,"Charger 13 (fid=8) not available, trying Charger 15 (fid=10)",577.6027206124826,15,,
Car 174,,,,,3,switch,,"Charger 3 (fid=307905) not available, trying Charger 18 (fid=13)",578.0293803669126,18,,
Car 197,,,,,11,switch,,"Charger 11 (fid=6) not available, trying Charger 16 (fid=11)",578.036503815681,16,,
Car 149,,,,,13,switch,,"Charger 13 (fid=8) not available, trying Charger 6 (fid=1)",578.0453665865017,6,,
Car 175,,,,,15,switch,,"Charger 15 (fid=10) not available, trying Charger 13 (fid=8)",578.3802041554968,13,,
Car 159,,,,,3,switch,,"Charger 3 (fid=307905) not available, trying Charger 14 (fid=9)",578.537218858762,14,,
Car 187,,,,,0,switch,,"Charger 0 (fid=308440) not available, trying Charger 19 (fid=14)",578.9638059995226,19,,
Car 183,,,,,20,switch,,"Charger 20 (fid=15) not available, trying Charger 15 (fid=10)",579.1130191294275,15,,
Car 144,,,,,9,switch,,"Charger 9 (fid=3) not available, trying Charger 17 (fid=12)",579.5725390673125,17,,
Car 168,,,,,16,switch,,"Charger 16 (fid=11) not available, trying Charger 15 (fid=10)",579.7111625612372,15,,
Car 191,,,,,19,switch,,"Charger 19 (fid=14) not available, trying Charger 18 (fid=13)",579.8850016081439,18,,
Car 181,,,,,14,switch,,"Charger 14 (fid=9) not available, trying Charger 11 (fid=6)",580.2884758893101,11,,
Car 200,,,,30,,arrived,,arrived,580.2889075614264,,,
Car 198,,,,,9,switch,,"Charger 9 (fid=3) not available, trying Charger 14 (fid=9)",580.6692104546353,14,,
Car 192,,,,,0,switch,,"Charger 0 (fid=308440) not available, trying Charger 16 (fid=11)",580.7935145015701,16,,
Car 179,,,,,20,switch,,"Charger 20 (fid=15) not available, trying Charger 15 (fid=10)",580.7949712702,15,,
Car 178,,,,,15,switch,,"Charger 15 (fid=10) not available, trying Charger 13 (fid=8)",580.9011824695524,13,,
Car 193,,,,,0,switch,,"Charger 0 (fid=308440) not available, trying Charger 11 (fid=6)",580.9242680360056,11,,
Car 134,,,,,5,switch,,"Charger 5 (fid=5) not available, trying Charger 13 (fid=8)",580.9935120591776,13,,
Car 141,,,,,5,switch,,"Charger 5 (fid=5) not available, trying Charger 13 (fid=8)",581.0287442147429,13,,
Car 189,,,,,0,switch,,"Charger 0 (fid=308440) not available, trying Charger 19 (fid=14)",581.1645651307919,19,,
Car 199,,,,,14,switch,,"Charger 14 (fid=9) not available, trying Charger 16 (fid=11)",581.4875089112429,16,,
Car 172,,,,,6,switch,,"Charger 6 (fid=1) not available, trying Charger 8 (fid=91)",581.5256576704214,8,,
Car 180,,,,,15,switch,,"Charger 15 (fid=10) not available, trying Charger 13 (fid=8)",581.8517138846204,13,,
Car 132,,,,,6,switch,,"Charger 6 (fid=1) not available, trying Charger 17 (fid=12)",581.8667718464443,17,,
Car 184,,,,,0,switch,,"Charger 0 (fid=308440) not available, trying Charger 12 (fid=7)",581.8746407538183,12,,
Car 109,,,,,15,switch,,"Charger 15 (fid=10) not available, trying Charger 12 (fid=7)",581.8981357211374,12,,
Car 124,,,,,6,switch,,"Charger 6 (fid=1) not available, trying Charger 17 (fid=12)",581.9722135250418,17,,
Car 186,,,,,1,switch,,"Charger 1 (fid=308702) not available, trying Charger 14 (fid=9)",582.2248944316506,14,,
Car 194,,,,,19,switch,,"Charger 19 (fid=14) not available, trying Charger 18 (fid=13)",582.9735719897558,18,,
Car 76,74.0,307904,2,,,done,,done charging,582.9908103989676,,,609.1403393564609
Car 138,,,,,18,switch,,"Charger 18 (fid=13) not available, trying Charger 9 (fid=3)",582.9947722105526,9,,
Car 195,,,,,19,switch,,"Charger 19 (fid=14) not available, trying Charger 18 (fid=13)",583.178913210227,18,,
Car 135,,,,,17,switch,,"Charger 17 (fid=12) not available, trying Charger 15 (fid=10)",583.2020160427137,15,,
Car 115,,,,,14,switch,,"Charger 14 (fid=9) not available, trying Charger 15 (fid=10)",583.2640019469641,15,,
Car 162,,,,,19,switch,,"Charger 19 (fid=14) not available, trying Charger 11 (fid=6)",583.490974668494,11,,
Car 94,,,,,17,switch,,"Charger 17 (fid=12) not available, trying Charger 7 (fid=2)",583.6006089962887,7,,
Car 137,,,,,14,switch,,"Charger 14 (fid=9) not available, trying Charger 12 (fid=7)",583.7529671077476,12,,
Car 163,,,,,17,switch,,"Charger 17 (fid=12) not available, trying Charger 18 (fid=13)",583.8757534096878,18,,
Car 136,,,,,5,switch,,"Charger 5 (fid=5) not available, trying Charger 13 (fid=8)",583.9211011306778,13,,
Car 196,,,,,15,switch,,"Charger 15 (fid=10) not available, trying Charger 14 (fid=9)",583.9817056670738,14,,
Car 84,,,,,20,switch,,"Charger 20 (fid=15) not available, trying Charger 7 (fid=2)",584.0192847501278,7,,
Car 177,,,,,16,switch,,"Charger 16 (fid=11) not available, trying Charger 19 (fid=14)",584.2480702368767,19,,
Car 190,,,,,16,switch,,"Charger 16 (fid=11) not available, trying Charger 6 (fid=1)",584.4871574052066,6,,
Car 164,,,,,0,switch,,"Charger 0 (fid=308440) not available, trying Charger 14 (fid=9)",584.620784921171,14,,
Car 175,,,,,13,switch,,"Charger 13 (fid=8) not available, trying Charger 19 (fid=14)",584.759189210088,19,,
Car 173,,,,,11,switch,,"Charger 11 (fid=6) not available, trying Charger 10 (fid=4)",585.0301633807663,10,,
Car 150,67.0,14,19,,,done,,done charging,585.1867303079847,,,41.573732637234535
Car 187,,14,19,,,start_charge,,starting to charge at Charger 19 (fid=14),585.1867303079847,,19.62852984659696,
Car 197,,,,,16,switch,,"Charger 16 (fid=11) not available, trying Charger 19 (fid=14)",585.2008999491343,19,,
Car 200,,,,,1,switch,,"Charger 1 (fid=308702) not available, trying Charger 18 (fid=13)",585.2889075614264,18,,
Car 176,,,,,1,switch,,"Charger 1 (fid=308702) not available, trying Charger 10 (fid=4)",585.5953390645004,10,,
Car 116,,,,,18,switch,,"Charger 18 (fid=13) not available, trying Charger 4 (fid=308108)",585.6641715550344,4,,
Car 201,,,,58,,arrived,,arrived,586.0547692533157,,,
Car 202,,,,73,,arrived,,arrived,586.4144315351564,,,
Car 170,,,,,19,switch,,"Charger 19 (fid=14) not available, trying Charger 1 (fid=308702)",586.618073286072,1,,
Car 128,,,,,10,switch,,"Charger 10 (fid=4) not available, trying Charger 5 (fid=5)",586.6197140861583,5,,
Car 169,,,,,18,switch,,"Charger 18 (fid=13) not available, trying Charger 6 (fid=1)",586.7582481432102,6,,
Car 158,,,,,19,switch,,"Charger 19 (fid=14) not available, trying Charger 11 (fid=6)",586.7716351807679,11,,
Car 203,,,,14,,arrived,,arrived,586.9781838570914,,,
Car 204,,,,13,,arrived,,arrived,587.2432489588413,,,
Car 140,,,,,13,switch,,"Charger 13 (fid=8) not available, trying Charger 15 (fid=10)",587.2559699592366,15,,
Car 178,,,,,13,switch,,"Charger 13 (fid=8) not available, trying Charger 19 (fid=14)",587.2801675241436,19,,
Car 189,,,,,19,switch,,"Charger 19 (fid=14) not available, trying Charger 10 (fid=4)",587.758959592657,10,,
Car 168,,,,,15,switch,,"Charger 15 (fid=10) not available, trying Charger 19 (fid=14)",588.0193802506984,19,,
Car 191,,,,,18,switch,,"Charger 18 (fid=13) not available, trying Charger 16 (fid=11)",588.1033137253274,16,,
Car 180,,,,,13,switch,,"Charger 13 (fid=8) not available, trying Charger 19 (fid=14)",588.2306989392116,19,,
Car 205,,,,51,,arrived,,arrived,588.5923405452531,,,
Car 132,,,,,17,switch,,"Charger 17 (fid=12) not available, trying Charger 5 (fid=5)",588.6373581972342,5,,
Car 124,,,,,17,switch,,"Charger 17 (fid=12) not available, trying Charger 12 (fid=7)",588.7427998758317,12,,
Car 192,,,,,16,switch,,"Charger 16 (fid=11) not available, trying Charger 18 (fid=13)",588.7693648062145,18,,
Car 134,,,,,13,switch,,"Charger 13 (fid=8) not available, trying Charger 15 (fid=10)",588.9288799987974,15,,
Car 141,,,,,13,switch,,"Charger 13 (fid=8) not available, trying Charger 15 (fid=10)",588.9641121543626,15,,
Car 199,,,,,16,switch,,"Charger 16 (fid=11) not available, trying Charger 10 (fid=4)",589.0174314790755,10,,
Car 174,,,,,18,switch,,"Charger 18 (fid=13) not available, trying Charger 1 (fid=308702)",589.0966794280904,1,,
Car 153,,,,,9,switch,,"Charger 9 (fid=3) not available, trying Charger 11 (fid=6)",589.162887123607,11,,
Car 118,,,,,7,switch,,"Charger 7 (fid=2) not available, trying Charger 13 (fid=8)",589.250534703872,13,,
Car 149,,,,,6,switch,,"Charger 6 (fid=1) not available, trying Charger 12 (fid=7)",589.4061161444098,12,,
Car 172,,,,,8,switch,,"Charger 8 (fid=91) not available, trying Charger 2 (fid=307904)",589.4894870092957,2,,
Car 133,45.0,12,17,,,done,,done charging,589.6059758069705,,,403.74039618431686
Car 144,,12,17,,,start_charge,,starting to charge at Charger 17 (fid=12),589.6059758069705,,52.96398427679634,
Car 159,,,,,14,switch,,"Charger 14 (fid=9) not available, trying Charger 1 (fid=308702)",589.6217849941116,1,,
Car 206,,,,38,,arrived,,arrived,589.6536885536021,,,
Car 181,,,,,11,switch,,"Charger 11 (fid=6) not available, trying Charger 10 (fid=4)",589.7044088868606,10,,
Car 198,,,,,14,switch,,"Charger 14 (fid=9) not available, trying Charger 16 (fid=11)",589.7569637558506,16,,
Car 115,,,,,15,switch,,"Charger 15 (fid=10) not available, trying Charger 13 (fid=8)",589.7989133031806,13,,
Car 193,,,,,11,switch,,"Charger 11 (fid=6) not available, trying Charger 16 (fid=11)",590.0927990248584,16,,
Car 207,,,,4,,arrived,,arrived,590.261337763181,,,
Car 196,,,,,14,switch,,"Charger 14 (fid=9) not available, trying Charger 10 (fid=4)",590.5166170232903,10,,
Car 183,,,,,15,switch,,"Charger 15 (fid=10) not available, trying Charger 11 (fid=6)",590.796632861926,11,,
Car 201,,,,,7,switch,,"Charger 7 (fid=2) not available, trying Charger 4 (fid=308108)",591.0547692533157,4,,
Car 194,,,,,18,switch,,"Charger 18 (fid=13) not available, trying Charger 11 (fid=6)",591.1918841069394,11,,
Car 54,46.0,91,8,,,done,,done charging,591.2302928410018,,,682.7052684651089
Car 157,47.0,13,18,,,done,,done charging,591.2711256843332,,,282.707710734216
Car 195,,13,18,,,start_charge,,starting to charge at Charger 18 (fid=13),591.2711256843332,,14.873900356922604,
Car 202,,,,,14,switch,,"Charger 14 (fid=9) not available, trying Charger 16 (fid=11)",591.4144315351564,16,,
Car 177,,,,,19,switch,,"Charger 19 (fid=14) not available, trying Charger 13 (fid=8)",591.478002473814,13,,
Car 162,,,,,11,switch,,"Charger 11 (fid=6) not available, trying Charger 8 (fid=91)",591.70179142228,8,,
Car 136,,,,,13,switch,,"Charger 13 (fid=8) not available, trying Charger 15 (fid=10)",591.8564690702975,15,,
Car 208,,,,54,,arrived,,arrived,591.8831894950351,,,
Car 203,,,,,19,switch,,"Charger 19 (fid=14) not available, trying Charger 0 (fid=308440)",591.9781838570914,0,,
Car 186,,,,,14,switch,,"Charger 14 (fid=9) not available, trying Charger 16 (fid=11)",592.1461461669368,16,,
Car 154,67.0,5,5,,,done,,done charging,592.1723313639578,,,148.86565000518124
Car 128,,5,5,,,start_charge,,starting to charge at Charger 5 (fid=5),592.1723313639578,,64.66421722941152,
Car 204,,,,,18,switch,,"Charger 18 (fid=13) not available, trying Charger 1 (fid=308702)",592.2432489588413,1,,
Car 172,,307904,2,,,start_charge,,starting to charge at Charger 2 (fid=307904),592.401131557588,,35.0,
Car 197,,,,,19,switch,,"Charger 19 (fid=14) not available, trying Charger 6 (fid=1)",592.4308321860715,6,,
Car 200,,,,,18,switch,,"Charger 18 (fid=13) not available, trying Charger 0 (fid=308440)",592.4720984992867,0,,
Car 94,,,,,7,switch,,"Charger 7 (fid=2) not available, trying Charger 1 (fid=308702)",592.4764466097873,1,,
Car 179,,,,,15,switch,,"Charger 15 (fid=10) not available, trying Charger 12 (fid=7)",592.4785850026985,12,,
Car 209,,,,68,,arrived,,arrived,592.5854150611187,,,
Car 210,,,,37,,arrived,,arrived,592.6726722221085,,,
Car 211,,,,6,,arrived,,arrived,592.7224480886573,,,
Car 109,,,,,12,switch,,"Charger 12 (fid=7) not available, trying Charger 9 (fid=3)",593.0586370765432,9,,
Car 84,,,,,7,switch,,"Charger 7 (fid=2) not available, trying Charger 8 (fid=91)",593.2315066663825,8,,
Car 190,,,,,6,switch,,"Charger 6 (fid=1) not available, trying Charger 20 (fid=15)",593.2447923855233,20,,
Car 184,,,,,12,switch,,"Charger 12 (fid=7) not available, trying Charger 19 (fid=14)",593.3091591941247,19,,
Car 212,,,,31,,arrived,,arrived,593.5050016175384,,,
Car 205,,,,,20,switch,,"Charger 20 (fid=15) not available, trying Charger 12 (fid=7)",593.5923405452531,12,,
Car 140,,,,,15,switch,,"Charger 15 (fid=10) not available, trying Charger 2 (fid=307904)",593.6349550138278,2,,
Car 123,91.0,308702,1,,,done,,done charging,593.8165608594277,,,238.00146318427056
Car 170,,308702,1,,,start_charge,,starting to charge at Charger 1 (fid=308702),593.8165608594277,,38.09691604807574,
Car 176,,,,,10,switch,,"Charger 10 (fid=4) not available, trying Charger 2 (fid=307904)",593.944454854917,2,,
Car 137,,,,,12,switch,,"Charger 12 (fid=7) not available, trying Charger 9 (fid=3)",594.3676485890793,9,,
Car 164,,,,,14,switch,,"Charger 14 (fid=9) not available, trying Charger 11 (fid=6)",594.4383990231493,11,,
Car 175,,,,,19,switch,,"Charger 19 (fid=14) not available, trying Charger 6 (fid=1)",594.6029074231434,6,,
Car 206,,,,,10,switch,,"Charger 10 (fid=4) not available, trying Charger 5 (fid=5)",594.6536885536021,5,,
Car 158,,,,,11,switch,,"Charger 11 (fid=6) not available, trying Charger 0 (fid=308440)",594.982451934554,0,,
Car 84,,91,8,,,start_charge,,starting to charge at Charger 8 (fid=91),595.0584978534113,,99.99999999999994,
Car 207,,,,,10,switch,,"Charger 10 (fid=4) not available, trying Charger 5 (fid=5)",595.261337763181,5,,
Car 134,,,,,15,switch,,"Charger 15 (fid=10) not available, trying Charger 6 (fid=1)",595.3078650533886,6,,
Car 213,,,,34,,arrived,,arrived,595.3417196080427,,,
Car 141,,,,,15,switch,,"Charger 15 (fid=10) not available, trying Charger 6 (fid=1)",595.3430972089538,6,,
Car 173,,,,,10,switch,,"Charger 10 (fid=4) not available, trying Charger 5 (fid=5)",595.3581909206915,5,,
Car 135,,,,,15,switch,,"Charger 15 (fid=10) not available, trying Charger 7 (fid=2)",595.4626338911851,7,,
Car 163,,,,,18,switch,,"Charger 18 (fid=13) not available, trying Charger 14 (fid=9)",595.8987631043276,14,,
Car 115,,,,,13,switch,,"Charger 13 (fid=8) not available, trying Charger 18 (fid=13)",596.1778983577718,18,,
Car 174,,,,,1,switch,,"Charger 1 (fid=308702) not available, trying Charger 14 (fid=9)",596.2798703659507,14,,
Car 149,,,,,12,switch,,"Charger 12 (fid=7) not available, trying Charger 19 (fid=14)",596.3305550326278,19,,
Car 138,,,,,9,switch,,"Charger 9 (fid=3) not available, trying Charger 6 (fid=1)",596.4421425335606,6,,
Car 208,,,,,19,switch,,"Charger 19 (fid=14) not available, trying Charger 16 (fid=11)",596.8831894950351,16,,
Car 124,,,,,12,switch,,"Charger 12 (fid=7) not available, trying Charger 9 (fid=3)",596.902725077191,9,,
Car 178,,,,,19,switch,,"Charger 19 (fid=14) not available, trying Charger 6 (fid=1)",597.123885737199,6,,
Car 193,,,,,16,switch,,"Charger 16 (fid=11) not available, trying Charger 2 (fid=307904)",597.2571951583117,2,,
Car 198,,,,,16,switch,,"Charger 16 (fid=11) not available, trying Charger 20 (fid=15)",597.2868863236832,20,,
Car 189,,,,,10,switch,,"Charger 10 (fid=4) not available, trying Charger 5 (fid=5)",597.3642272684135,5,,
Car 199,,,,,10,switch,,"Charger 10 (fid=4) not available, trying Charger 5 (fid=5)",597.4694618175471,5,,
Car 209,,,,,0,switch,,"Charger 0 (fid=308440) not available, trying Charger 19 (fid=14)",597.5854150611187,19,,
Car 130,64.0,10,15,,,done,,done charging,597.6182147861975,,,274.02801089588104
Car 136,,10,15,,,start_charge,,starting to charge at Charger 15 (fid=10),597.6182147861975,,64.3827606613088,
Car 201,,,,,4,switch,,"Charger 4 (fid=308108) not available, trying Charger 12 (fid=7)",597.6575536532749,12,,
Car 210,,,,,10,switch,,"Charger 10 (fid=4) not available, trying Charger 5 (fid=5)",597.6726722221085,5,,
Car 191,,,,,16,switch,,"Charger 16 (fid=11) not available, trying Charger 1 (fid=308702)",597.7030816852903,1,,
Car 211,,,,,11,switch,,"Charger 11 (fid=6) not available, trying Charger 16 (fid=11)",597.7224480886573,16,,
Car 214,,,,8,,arrived,,arrived,597.9767164886257,,,
Car 168,,,,,19,switch,,"Charger 19 (fid=14) not available, trying Charger 18 (fid=13)",597.9781052967436,18,,
Car 180,,,,,19,switch,,"Charger 19 (fid=14) not available, trying Charger 6 (fid=1)",598.074417152267,6,,
Car 192,,,,,18,switch,,"Charger 18 (fid=13) not available, trying Charger 11 (fid=6)",598.3691327661774,11,,
Car 212,,,,,19,switch,,"Charger 19 (fid=14) not available, trying Charger 0 (fid=308440)",598.5050016175384,0,,
Car 203,,,,,0,switch,,"Charger 0 (fid=308440) not available, trying Charger 16 (fid=11)",598.5725783189565,16,,
Car 169,,,,,6,switch,,"Charger 6 (fid=1) not available, trying Charger 17 (fid=12)",598.7517745841444,17,,
Car 196,,,,,10,switch,,"Charger 10 (fid=4) not available, trying Charger 5 (fid=5)",598.7891982639514,5,,
Car 202,,,,,16,switch,,"Charger 16 (fid=11) not available, trying Charger 10 (fid=4)",598.944354102989,10,,
Car 153,,,,,11,switch,,"Charger 11 (fid=6) not available, trying Charger 0 (fid=308440)",598.9577557597281,0,,
Car 204,,,,,1,switch,,"Charger 1 (fid=308702) not available, trying Charger 0 (fid=308440)",599.4264398967016,0,,
Car 159,,,,,1,switch,,"Charger 1 (fid=308702) not available, trying Charger 6 (fid=1)",599.5430367293978,6,,
Car 116,,,,,4,switch,,"Charger 4 (fid=308108) not available, trying Charger 2 (fid=307904)",599.6495482534007,2,,
Car 186,,,,,16,switch,,"Charger 16 (fid=11) not available, trying Charger 15 (fid=10)",599.6760687347694,15,,
Car 200,,,,,0,switch,,"Charger 0 (fid=308440) not available, trying Charger 19 (fid=14)",599.6992917185887,19,,
Car 181,,,,,10,switch,,"Charger 10 (fid=4) not available, trying Charger 5 (fid=5)",600.0324364267858,5,,
Car 215,,,,88,,arrived,,arrived,600.3337274408807,,,
Car 213,,,,,19,switch,,"Charger 19 (fid=14) not available, trying Charger 0 (fid=308440)",600.3417196080427,0,,
Car 206,,,,,5,switch,,"Charger 5 (fid=5) not available, trying Charger 1 (fid=308702)",600.5420886019901,1,,
Car 183,,,,,11,switch,,"Charger 11 (fid=6) not available, trying Charger 13 (fid=8)",600.7807418339685,13,,
Car 207,,,,,5,switch,,"Charger 5 (fid=5) not available, trying Charger 13 (fid=8)",601.149737811569,13,,
Car 173,,,,,5,switch,,"Charger 5 (fid=5) not available, trying Charger 13 (fid=8)",601.2465909690795,13,,
Car 177,,,,,13,switch,,"Charger 13 (fid=8) not available, trying Charger 15 (fid=10)",601.3217206868693,15,,
Car 197,,,,,6,switch,,"Charger 6 (fid=1) not available, trying Charger 2 (fid=307904)",601.7521696612753,2,,
Car 132,,,,,5,switch,,"Charger 5 (fid=5) not available, trying Charger 13 (fid=8)",601.7727125026181,13,,
Car 118,,,,,13,switch,,"Charger 13 (fid=8) not available, trying Charger 8 (fid=91)",601.9563527518299,8,,
Car 194,,,,,11,switch,,"Charger 11 (fid=6) not available, trying Charger 16 (fid=11)",601.996296516207,16,,
Car 125,101.0,2,7,,,done,,done charging,602.05897909866,,,181.94556477237415
Car 162,,,,,8,switch,,"Charger 8 (fid=91) not available, trying Charger 16 (fid=11)",602.4472042122094,16,,
Car 205,,,,,12,switch,,"Charger 12 (fid=7) not available, trying Charger 4 (fid=308108)",602.6866880093223,4,,
Car 135,,2,7,,,start_charge,,starting to charge at Charger 7 (fid=2),602.8328339165649,,59.99999999999994,
Car 190,,,,,20,switch,,"Charger 20 (fid=15) not available, trying Charger 15 (fid=10)",602.8778361784827,15,,
Car 214,,,,,13,switch,,"Charger 13 (fid=8) not available, trying Charger 15 (fid=10)",602.9767164886257,15,,
Car 189,,,,,5,switch,,"Charger 5 (fid=5) not available, trying Charger 16 (fid=11)",603.2526273168015,16,,
Car 199,,,,,5,switch,,"Charger 5 (fid=5) not available, trying Charger 13 (fid=8)",603.3578618659351,13,,
Car 210,,,,,5,switch,,"Charger 5 (fid=5) not available, trying Charger 14 (fid=9)",603.5610722704965,14,,
Car 179,,,,,12,switch,,"Charger 12 (fid=7) not available, trying Charger 4 (fid=308108)",603.6390863581044,4,,
Car 109,,,,,9,switch,,"Charger 9 (fid=3) not available, trying Charger 7 (fid=2)",603.8323946129493,7,,
Car 184,,,,,19,switch,,"Charger 19 (fid=14) not available, trying Charger 11 (fid=6)",603.846397973236,11,,
Car 164,,,,,11,switch,,"Charger 11 (fid=6) not available, trying Charger 18 (fid=13)",603.8543320206998,18,,
Car 175,,,,,6,switch,,"Charger 6 (fid=1) not available, trying Charger 2 (fid=307904)",603.9242448983472,2,,
Car 216,,,,23,,arrived,,arrived,604.0150722691085,,,
Car 208,,,,,16,switch,,"Charger 16 (fid=11) not available, trying Charger 0 (fid=308440)",604.1131217319723,0,,
Car 158,,,,,0,switch,,"Charger 0 (fid=308440) not available, trying Charger 1 (fid=308702)",604.1509829234068,1,,
Car 209,,,,,19,switch,,"Charger 19 (fid=14) not available, trying Charger 18 (fid=13)",604.1798095229839,18,,
Car 201,,,,,12,switch,,"Charger 12 (fid=7) not available, trying Charger 8 (fid=91)",604.3198829887054,8,,
Car 196,,,,,5,switch,,"Charger 5 (fid=5) not available, trying Charger 16 (fid=11)",604.6775983123395,16,,
Car 211,,,,,16,switch,,"Charger 16 (fid=11) not available, trying Charger 19 (fid=14)",604.8868442221105,19,,
Car 212,,,,,0,switch,,"Charger 0 (fid=308440) not available, trying Charger 16 (fid=11)",605.0993960794035,16,,
Car 137,,,,,9,switch,,"Charger 9 (fid=3) not available, trying Charger 8 (fid=91)",605.1414061254854,8,,
Car 140,,,,,2,switch,,"Charger 2 (fid=307904) not available, trying Charger 3 (fid=307905)",605.2713602920486,3,,
Car 215,,,,,8,switch,,"Charger 8 (fid=91) not available, trying Charger 7 (fid=2)",605.3337274408807,7,,
Car 145,101.0,3,9,,,done,,done charging,605.3559140075465,,,258.39588322360373
Car 124,,3,9,,,start_charge,,starting to charge at Charger 9 (fid=3),605.3559140075465,,82.67943139394941,
Car 169,,,,,17,switch,,"Charger 17 (fid=12) not available, trying Charger 1 (fid=308702)",605.5223609349343,1,,
Car 94,,,,,1,switch,,"Charger 1 (fid=308702) not available, trying Charger 8 (fid=91)",605.6895624295124,8,,
Car 217,,,,1,,arrived,,arrived,605.7071802365158,,,
Car 176,,,,,2,switch,,"Charger 2 (fid=307904) not available, trying Charger 3 (fid=307905)",605.9017641282148,3,,
Car 181,,,,,5,switch,,"Charger 5 (fid=5) not available, trying Charger 13 (fid=8)",605.9208364751738,13,,
Car 193,,,,,2,switch,,"Charger 2 (fid=307904) not available, trying Charger 3 (fid=307905)",606.0756537835887,3,,
Car 168,,,,,18,switch,,"Charger 18 (fid=13) not available, trying Charger 11 (fid=6)",606.1964174139272,11,,
Car 174,,,,,14,switch,,"Charger 14 (fid=9) not available, trying Charger 6 (fid=1)",606.2011221012369,6,,
Car 200,,,,,19,switch,,"Charger 19 (fid=14) not available, trying Charger 10 (fid=4)",606.2936861804538,10,,
Car 134,,,,,6,switch,,"Charger 6 (fid=1) not available, trying Charger 17 (fid=12)",606.3329965887186,17,,
Car 141,,,,,6,switch,,"Charger 6 (fid=1) not available, trying Charger 17 (fid=12)",606.3682287442839,17,,
Car 178,,,,,6,switch,,"Charger 6 (fid=1) not available, trying Charger 2 (fid=307904)",606.4452232124028,2,,
Car 203,,,,,16,switch,,"Charger 16 (fid=11) not available, trying Charger 11 (fid=6)",606.5484286236009,11,,
Car 191,,,,,1,switch,,"Charger 1 (fid=308702) not available, trying Charger 11 (fid=6)",606.7155490771341,11,,
Car 218,,,,16,,arrived,,arrived,606.8670674781898,,,
Car 149,,,,,19,switch,,"Charger 19 (fid=14) not available, trying Charger 4 (fid=308108)",606.867793811739,4,,
Car 213,,,,,0,switch,,"Charger 0 (fid=308440) not available, trying Charger 16 (fid=11)",606.9361140699078,16,,
Car 138,,,,,6,switch,,"Charger 6 (fid=1) not available, trying Charger 2 (fid=307904)",607.276108683281,2,,
Car 163,,,,,14,switch,,"Charger 14 (fid=9) not available, trying Charger 1 (fid=308702)",607.3402948616243,1,,
Car 180,,,,,6,switch,,"Charger 6 (fid=1) not available, trying Charger 2 (fid=307904)",607.3957546274708,2,,
Car 202,,,,,10,switch,,"Charger 10 (fid=4) not available, trying Charger 5 (fid=5)",607.3963844414606,5,,
Car 204,,,,,0,switch,,"Charger 0 (fid=308440) not available, trying Charger 19 (fid=14)",607.5368925241,19,,
Car 177,,,,,15,switch,,"Charger 15 (fid=10) not available, trying Charger 14 (fid=9)",607.7007057414605,14,,
Car 198,,,,,20,switch,,"Charger 20 (fid=15) not available, trying Charger 15 (fid=10)",607.8288314178608,15,,
Car 115,,,,,18,switch,,"Charger 18 (fid=13) not available, trying Charger 1 (fid=308702)",607.8452069972276,1,,
Car 197,,,,,2,switch,,"Charger 2 (fid=307904) not available, trying Charger 3 (fid=307905)",607.9420232225958,3,,
Car 186,,,,,15,switch,,"Charger 15 (fid=10) not available, trying Charger 19 (fid=14)",607.9842864242306,19,,
Car 153,,,,,0,switch,,"Charger 0 (fid=308440) not available, trying Charger 6 (fid=1)",608.1262867485809,6,,
Car 116,,,,,2,switch,,"Charger 2 (fid=307904) not available, trying Charger 3 (fid=307905)",608.155681268032,3,,
Car 87,112.0,9,14,,,done,,done charging,608.8640197223041,,,409.09099725552835
Car 210,,9,14,,,start_charge,,starting to charge at Charger 14 (fid=9),608.8640197223041,,11.649508543502634,
Car 219,,,,124,,arrived,,arrived,608.9584177702166,,,
Car 216,,,,,0,switch,,"Charger 0 (fid=308440) not available, trying Charger 19 (fid=14)",609.0150722691085,19,,
Car 207,,,,,13,switch,,"Charger 13 (fid=8) not available, trying Charger 15 (fid=10)",609.0851057511887,15,,
Car 206,,,,,1,switch,,"Charger 1 (fid=308702) not available, trying Charger 13 (fid=8)",609.0972019594101,13,,
Car 194,,,,,16,switch,,"Charger 16 (fid=11) not available, trying Charger 2 (fid=307904)",609.1606926496603,2,,
Car 192,,,,,11,switch,,"Charger 11 (fid=6) not available, trying Charger 1 (fid=308702)",609.173545175445,1,,
Car 173,,,,,13,switch,,"Charger 13 (fid=8) not available, trying Charger 15 (fid=10)",609.1819589086992,15,,
Car 205,,,,,4,switch,,"Charger 4 (fid=308108) not available, trying Charger 6 (fid=1)",609.3490173447528,6,,
Car 214,,,,,15,switch,,"Charger 15 (fid=10) not available, trying Charger 14 (fid=9)",609.3557015432169,14,,
Car 106,116.0,15,20,,,done,,done charging,609.5319080384882,,,285.4391716167787
Car 132,,,,,13,switch,,"Charger 13 (fid=8) not available, trying Charger 15 (fid=10)",609.7080804422378,15,,
Car 220,,,,37,,arrived,,arrived,610.0426180831803,,,
Car 142,104.0,7,12,,,done,,done charging,610.0912515175985,,,237.38278240207208
Car 175,,,,,2,switch,,"Charger 2 (fid=307904) not available, trying Charger 3 (fid=307905)",610.1140984596677,3,,
Car 179,,,,,4,switch,,"Charger 4 (fid=308108) not available, trying Charger 11 (fid=6)",610.3014156935349,11,,
Car 140,,,,,3,switch,,"Charger 3 (fid=307905) not available, trying Charger 6 (fid=1)",610.5349864736127,6,,
Car 221,,,,85,,arrived,,arrived,610.581056493547,,,
Car 217,,,,,6,switch,,"Charger 6 (fid=1) not available, trying Charger 2 (fid=307904)",610.7071802365158,2,,
Car 183,,,,,13,switch,,"Charger 13 (fid=8) not available, trying Charger 6 (fid=1)",611.0781127281712,6,,
Car 176,,,,,3,switch,,"Charger 3 (fid=307905) not available, trying Charger 18 (fid=13)",611.1653903097789,18,,
Car 152,89.0,308702,1,,,done,,done charging,611.2401341949845,,,192.27447817342818
Car 158,,308702,1,,,start_charge,,starting to charge at Charger 1 (fid=308702),611.2401341949845,,53.9786986441793,
Car 199,,,,,13,switch,,"Charger 13 (fid=8) not available, trying Charger 15 (fid=10)",611.2932298055548,15,,
Car 193,,,,,3,switch,,"Charger 3 (fid=307905) not available, trying Charger 6 (fid=1)",611.3392799651527,6,,
Car 159,,,,,6,switch,,"Charger 6 (fid=1) not available, trying Charger 17 (fid=12)",611.4069665316827,17,,
Car 222,,,,17,,arrived,,arrived,611.7511603103296,,,
Car 218,,,,,16,switch,,"Charger 16 (fid=11) not available, trying Charger 19 (fid=14)",611.8670674781898,19,,
Car 189,,,,,16,switch,,"Charger 16 (fid=11) not available, trying Charger 13 (fid=8)",611.9106552222765,13,,
Car 184,,,,,11,switch,,"Charger 11 (fid=6) not available, trying Charger 8 (fid=91)",612.057214727022,8,,
Car 208,,,,,0,switch,,"Charger 0 (fid=308440) not available, trying Charger 1 (fid=308702)",612.0889720366167,1,,
Car 201,,,,,8,switch,,"Charger 8 (fid=91) not available, trying Charger 6 (fid=1)",612.1117307372818,6,,
Car 211,,,,,19,switch,,"Charger 19 (fid=14) not available, trying Charger 6 (fid=1)",612.1167764590477,6,,
Car 215,,,,,7,switch,,"Charger 7 (fid=2) not available, trying Charger 4 (fid=308108)",612.1607186279094,4,,
Car 209,,,,,18,switch,,"Charger 18 (fid=13) not available, trying Charger 16 (fid=11)",612.3981216401675,16,,
Car 178,,,,,2,switch,,"Charger 2 (fid=307904) not available, trying Charger 3 (fid=307905)",612.6350767737233,3,,
Car 212,,,,,16,switch,,"Charger 16 (fid=11) not available, trying Charger 11 (fid=6)",613.0752463840479,11,,
Car 134,,,,,17,switch,,"Charger 17 (fid=12) not available, trying Charger 12 (fid=7)",613.1035829395086,12,,
Car 141,,,,,17,switch,,"Charger 17 (fid=12) not available, trying Charger 12 (fid=7)",613.1388150950738,12,,
Car 197,,,,,3,switch,,"Charger 3 (fid=307905) not available, trying Charger 12 (fid=7)",613.2056494041599,12,,
Car 202,,,,,5,switch,,"Charger 5 (fid=5) not available, trying Charger 13 (fid=8)",613.2847844898486,13,,
Car 196,,,,,16,switch,,"Charger 16 (fid=11) not available, trying Charger 19 (fid=14)",613.3356262178145,19,,
Car 108,101.0,2,7,,,done,,done charging,613.4124155612138,,,306.9867245526059
Car 109,,2,7,,,start_charge,,starting to charge at Charger 7 (fid=2),613.4124155612138,,88.0702348214877,
Car 116,,,,,3,switch,,"Charger 3 (fid=307905) not available, trying Charger 20 (fid=15)",613.4193074495961,20,,
Car 138,,,,,2,switch,,"Charger 2 (fid=307904) not available, trying Charger 3 (fid=307905)",613.4659622446015,3,,
Car 180,,,,,2,switch,,"Charger 2 (fid=307904) not available, trying Charger 3 (fid=307905)",613.5856081887913,3,,
Car 162,,,,,16,switch,,"Charger 16 (fid=11) not available, trying Charger 7 (fid=2)",613.6335684937517,7,,
Car 203,,,,,11,switch,,"Charger 11 (fid=6) not available, trying Charger 18 (fid=13)",613.7128247570541,18,,
Car 181,,,,,13,switch,,"Charger 13 (fid=8) not available, trying Charger 15 (fid=10)",613.8562044147935,15,,
Car 219,,,,,0,switch,,"Charger 0 (fid=308440) not available, trying Charger 19 (fid=14)",613.9584177702166,19,,
Car 204,,,,,19,switch,,"Charger 19 (fid=14) not available, trying Charger 16 (fid=11)",614.1312869859652,16,,
Car 177,,,,,14,switch,,"Charger 14 (fid=9) not available, trying Charger 11 (fid=6)",614.235617097677,11,,
Car 190,,,,,15,switch,,"Charger 15 (fid=10) not available, trying Charger 12 (fid=7)",614.5614499109812,12,,
Car 164,,,,,18,switch,,"Charger 18 (fid=13) not available, trying Charger 13 (fid=8)",614.6587444299674,13,,
Car 213,,,,,16,switch,,"Charger 16 (fid=11) not available, trying Charger 11 (fid=6)",614.9119643745522,11,,
Car 115,,,,,1,switch,,"Charger 1 (fid=308702) not available, trying Charger 10 (fid=4)",615.0283979350879,10,,
Car 220,,,,,10,switch,,"Charger 10 (fid=4) not available, trying Charger 5 (fid=5)",615.0426180831803,5,,
Car 118,,,,,8,switch,,"Charger 8 (fid=91) not available, trying Charger 19 (fid=14)",615.2697980829095,19,,
Car 175,,,,,3,switch,,"Charger 3 (fid=307905) not available, trying Charger 12 (fid=7)",615.3777246412318,12,,
Car 207,,,,,15,switch,,"Charger 15 (fid=10) not available, trying Charger 14 (fid=9)",615.46409080578,14,,
Car 173,,,,,15,switch,,"Charger 15 (fid=10) not available, trying Charger 18 (fid=13)",615.5609439632905,18,,
Car 221,,,,,8,switch,,"Charger 8 (fid=91) not available, trying Charger 7 (fid=2)",615.581056493547,7,,
Car 216,,,,,19,switch,,"Charger 19 (fid=14) not available, trying Charger 18 (fid=13)",615.6094667309736,18,,
Car 197,,7,12,,,start_charge,,starting to charge at Charger 12 (fid=7),615.8011786476707,,30.0,
Car 214,,,,,14,switch,,"Charger 14 (fid=9) not available, trying Charger 10 (fid=4)",615.8906128994334,10,,
Car 200,,,,,10,switch,,"Charger 10 (fid=4) not available, trying Charger 5 (fid=5)",615.8989538562104,5,,
Car 132,,,,,15,switch,,"Charger 15 (fid=10) not available, trying Charger 12 (fid=7)",616.087065496829,12,,
Car 174,,,,,6,switch,,"Charger 6 (fid=1) not available, trying Charger 17 (fid=12)",616.6804337624928,17,,
Car 140,,,,,6,switch,,"Charger 6 (fid=1) not available, trying Charger 17 (fid=12)",616.741176866554,17,,
Car 222,,,,,19,switch,,"Charger 19 (fid=14) not available, trying Charger 11 (fid=6)",616.7511603103296,11,,
Car 217,,,,,2,switch,,"Charger 2 (fid=307904) not available, trying Charger 3 (fid=307905)",616.8970337978363,3,,
Car 191,,,,,11,switch,,"Charger 11 (fid=6) not available, trying Charger 2 (fid=307904)",616.932660918283,2,,
Car 166,83.0,91,8,,,done,,done charging,616.9381833163853,,,92.62963517493255
Car 137,,91,8,,,start_charge,,starting to charge at Charger 8 (fid=91),616.9381833163853,,69.67936378100137,
Car 168,,,,,11,switch,,"Charger 11 (fid=6) not available, trying Charger 0 (fid=308440)",617.0008298231949,0,,
Car 205,,,,,6,switch,,"Charger 6 (fid=1) not available, trying Charger 2 (fid=307904)",617.2003968357124,2,,
Car 163,,,,,1,switch,,"Charger 1 (fid=308702) not available, trying Charger 12 (fid=7)",617.2615465969105,12,,
Car 155,92.0,5,5,,,done,,done charging,617.3029400432368,,,148.86565000518124
Car 220,,5,5,,,start_charge,,starting to charge at Charger 5 (fid=5),617.3029400432368,,6.371921911668551,
Car 193,,,,,6,switch,,"Charger 6 (fid=1) not available, trying Charger 17 (fid=12)",617.5454703580941,17,,
Car 199,,,,,15,switch,,"Charger 15 (fid=10) not available, trying Charger 19 (fid=14)",617.672214860146,19,,
Car 104,70.0,4,10,,,done,,done charging,617.863567590359,,,383.61879739051847
Car 178,,,,,3,switch,,"Charger 3 (fid=307905) not available, trying Charger 10 (fid=4)",617.8987029552874,10,,
Car 186,,,,,19,switch,,"Charger 19 (fid=14) not available, trying Charger 18 (fid=13)",617.9430114702758,18,,
Car 194,,,,,2,switch,,"Charger 2 (fid=307904) not available, trying Charger 3 (fid=307905)",617.9791512749373,3,,
Car 169,,,,,1,switch,,"Charger 1 (fid=308702) not available, trying Charger 14 (fid=9)",617.9821877781625,14,,
Car 223,,,,62,,arrived,,arrived,618.1383280142023,,,
Car 159,,,,,17,switch,,"Charger 17 (fid=12) not available, trying Charger 10 (fid=4)",618.1775528824726,10,,
Car 149,,,,,4,switch,,"Charger 4 (fid=308108) not available, trying Charger 2 (fid=307904)",618.3319731935917,2,,
Car 115,,4,10,,,start_charge,,starting to charge at Charger 10 (fid=4),618.3775137255045,,95.0,
Car 153,,,,,6,switch,,"Charger 6 (fid=1) not available, trying Charger 12 (fid=7)",618.4053384588515,12,,
Car 224,,,,34,,arrived,,arrived,618.709028417298,,,
Car 116,,15,20,,,start_charge,,starting to charge at Charger 20 (fid=15),618.7234415978481,,85.0,
Car 138,,,,,3,switch,,"Charger 3 (fid=307905) not available, trying Charger 12 (fid=7)",618.7295884261656,12,,
Car 215,,,,,4,switch,,"Charger 4 (fid=308108) not available, trying Charger 12 (fid=7)",618.7635030278686,12,,
Car 180,,,,,3,switch,,"Charger 3 (fid=307905) not available, trying Charger 10 (fid=4)",618.8492343703554,10,,
Car 206,,,,,13,switch,,"Charger 13 (fid=8) not available, trying Charger 16 (fid=11)",618.946355883398,16,,
Car 218,,,,,19,switch,,"Charger 19 (fid=14) not available, trying Charger 0 (fid=308440)",619.096999715127,0,,
Car 114,111.0,11,16,,,done,,done charging,619.2668592889199,,,334.59455307865767
Car 204,,11,16,,,start_charge,,starting to charge at Charger 16 (fid=11),619.2668592889199,,22.905640066017554,
Car 192,,,,,1,switch,,"Charger 1 (fid=308702) not available, trying Charger 2 (fid=307904)",619.3906570165939,2,,
Car 198,,,,,15,switch,,"Charger 15 (fid=10) not available, trying Charger 11 (fid=6)",619.5124451503593,11,,
Car 94,,,,,8,switch,,"Charger 8 (fid=91) not available, trying Charger 18 (fid=13)",619.8416970060068,18,,
Car 201,,,,,6,switch,,"Charger 6 (fid=1) not available, trying Charger 20 (fid=15)",620.0755600761561,20,,
Car 179,,,,,11,switch,,"Charger 11 (fid=6) not available, trying Charger 13 (fid=8)",620.166552832134,13,,
Car 208,,,,,1,switch,,"Charger 1 (fid=308702) not available, trying Charger 14 (fid=9)",620.1994246640152,14,,
Car 181,,,,,15,switch,,"Charger 15 (fid=10) not available, trying Charger 18 (fid=13)",620.2351894693847,18,,
Car 212,,,,,11,switch,,"Charger 11 (fid=6) not available, trying Charger 2 (fid=307904)",620.2396425175011,2,,
Car 225,,,,61,,arrived,,arrived,620.3150945567836,,,
Car 189,,,,,13,switch,,"Charger 13 (fid=8) not available, trying Charger 14 (fid=9)",620.3198055077726,14,,
Car 219,,,,,19,switch,,"Charger 19 (fid=14) not available, trying Charger 18 (fid=13)",620.5528122320817,18,,
Car 196,,,,,19,switch,,"Charger 19 (fid=14) not available, trying Charger 1 (fid=308702)",620.5655584547517,1,,
Car 202,,,,,13,switch,,"Charger 13 (fid=8) not available, trying Charger 15 (fid=10)",621.2201524294683,15,,
Car 134,,,,,12,switch,,"Charger 12 (fid=7) not available, trying Charger 9 (fid=3)",621.2635081408679,9,,
Car 141,,,,,12,switch,,"Charger 12 (fid=7) not available, trying Charger 9 (fid=3)",621.2987402964332,9,,
Car 211,,,,,6,switch,,"Charger 6 (fid=1) not available, trying Charger 2 (fid=307904)",621.4381139342515,2,,
Car 200,,,,,5,switch,,"Charger 5 (fid=5) not available, trying Charger 16 (fid=11)",621.7873539045984,16,,
Car 209,,,,,16,switch,,"Charger 16 (fid=11) not available, trying Charger 1 (fid=308702)",621.9978896001303,1,,
Car 207,,,,,14,switch,,"Charger 14 (fid=9) not available, trying Charger 1 (fid=308702)",621.9990021619965,1,,
Car 213,,,,,11,switch,,"Charger 11 (fid=6) not available, trying Charger 2 (fid=307904)",622.0763605080055,2,,
Car 217,,,,,3,switch,,"Charger 3 (fid=307905) not available, trying Charger 17 (fid=12)",622.1606599794004,17,,
Car 176,,,,,18,switch,,"Charger 18 (fid=13) not available, trying Charger 5 (fid=5)",622.2326893709567,5,,
Car 221,,,,,7,switch,,"Charger 7 (fid=2) not available, trying Charger 4 (fid=308108)",622.4080476805757,4,,
Car 183,,,,,6,switch,,"Charger 6 (fid=1) not available, trying Charger 12 (fid=7)",622.4388622860793,12,,
Car 184,,,,,8,switch,,"Charger 8 (fid=91) not available, trying Charger 16 (fid=11)",622.8026275169514,16,,
Car 131,88.0,12,17,,,done,,done charging,622.9177143025848,,,321.1970200344259
Car 174,,12,17,,,start_charge,,starting to charge at Charger 17 (fid=12),622.9177143025848,,54.466694189302075,
Car 175,,,,,12,switch,,"Charger 12 (fid=7) not available, trying Charger 4 (fid=308108)",622.9732538847426,4,,
Car 83,118.0,6,11,,,done,,done charging,623.00112858378,,,477.17895214743885
Car 177,,6,11,,,start_charge,,starting to charge at Charger 11 (fid=6),623.00112858378,,54.349578488552424,
Car 223,,,,,16,switch,,"Charger 16 (fid=11) not available, trying Charger 11 (fid=6)",623.1383280142023,11,,
Car 194,,,,,3,switch,,"Charger 3 (fid=307905) not available, trying Charger 1 (fid=308702)",623.2427774565014,1,,
Car 205,,,,,2,switch,,"Charger 2 (fid=307904) not available, trying Charger 3 (fid=307905)",623.3902503970329,3,,
Car 140,,,,,17,switch,,"Charger 17 (fid=12) not available, trying Charger 12 (fid=7)",623.511763217344,12,,
Car 224,,,,,19,switch,,"Charger 19 (fid=14) not available, trying Charger 0 (fid=308440)",623.709028417298,0,,
Car 162,,,,,7,switch,,"Charger 7 (fid=2) not available, trying Charger 4 (fid=308108)",623.7403894915086,4,,
Car 216,,,,,18,switch,,"Charger 18 (fid=13) not available, trying Charger 11 (fid=6)",623.8277788481572,11,,
Car 214,,,,,10,switch,,"Charger 10 (fid=4) not available, trying Charger 5 (fid=5)",624.1631941400946,5,,
Car 193,,,,,17,switch,,"Charger 17 (fid=12) not available, trying Charger 18 (fid=13)",624.316056708884,18,,
Car 203,,,,,18,switch,,"Charger 18 (fid=13) not available, trying Charger 2 (fid=307904)",624.5172371663218,2,,
Car 222,,,,,11,switch,,"Charger 11 (fid=6) not available, trying Charger 16 (fid=11)",624.9619770641157,16,,
Car 191,,,,,2,switch,,"Charger 2 (fid=307904) not available, trying Charger 3 (fid=307905)",625.2573451567424,3,,
Car 225,,,,,9,switch,,"Charger 9 (fid=3) not available, trying Charger 14 (fid=9)",625.3150945567836,14,,
Car 153,,,,,12,switch,,"Charger 12 (fid=7) not available, trying Charger 18 (fid=13)",625.3297773470695,18,,
Car 226,,,,82,,arrived,,arrived,625.3478667668279,,,
Car 215,,,,,12,switch,,"Charger 12 (fid=7) not available, trying Charger 2 (fid=307904)",625.4258323632992,2,,
Car 218,,,,,0,switch,,"Charger 0 (fid=308440) not available, trying Charger 11 (fid=6)",625.6913941769922,11,,
Car 190,,,,,12,switch,,"Charger 12 (fid=7) not available, trying Charger 4 (fid=308108)",625.721951266387,4,,
Car 227,,,,28,,arrived,,arrived,626.0371950637815,,,
Car 186,,,,,18,switch,,"Charger 18 (fid=13) not available, trying Charger 11 (fid=6)",626.1613235874594,11,,
Car 168,,,,,0,switch,,"Charger 0 (fid=308440) not available, trying Charger 9 (fid=3)",626.1693608120477,9,,
Car 118,,,,,19,switch,,"Charger 19 (fid=14) not available, trying Charger 10 (fid=4)",626.312926545085,10,,
Car 138,,,,,12,switch,,"Charger 12 (fid=7) not available, trying Charger 4 (fid=308108)",626.3251176696764,4,,
Car 164,,,,,13,switch,,"Charger 13 (fid=8) not available, trying Charger 15 (fid=10)",626.3260530694232,15,,
Car 189,,,,,14,switch,,"Charger 14 (fid=9) not available, trying Charger 11 (fid=6)",626.7397100309993,11,,
Car 149,,,,,2,switch,,"Charger 2 (fid=307904) not available, trying Charger 3 (fid=307905)",626.838106208223,3,,
Car 132,,,,,12,switch,,"Charger 12 (fid=7) not available, trying Charger 9 (fid=3)",627.2475668522349,9,,
Car 206,,,,,16,switch,,"Charger 16 (fid=11) not available, trying Charger 14 (fid=9)",627.3555061688941,14,,
Car 202,,,,,15,switch,,"Charger 15 (fid=10) not available, trying Charger 19 (fid=14)",627.5991374840595,19,,
Car 211,,,,,2,switch,,"Charger 2 (fid=307904) not available, trying Charger 3 (fid=307905)",627.6279674955721,3,,
Car 199,,,,,19,switch,,"Charger 19 (fid=14) not available, trying Charger 1 (fid=308702)",627.6309399061912,1,,
Car 173,,,,,18,switch,,"Charger 18 (fid=13) not available, trying Charger 2 (fid=307904)",627.8895047323613,2,,
Car 169,,,,,14,switch,,"Charger 14 (fid=9) not available, trying Charger 10 (fid=4)",627.9034395134487,10,,
Car 217,,,,,17,switch,,"Charger 17 (fid=12) not available, trying Charger 12 (fid=7)",628.3963336260472,12,,
Car 212,,,,,2,switch,,"Charger 2 (fid=307904) not available, trying Charger 3 (fid=307905)",628.5643267559606,3,,
Car 205,,,,,3,switch,,"Charger 3 (fid=307905) not available, trying Charger 16 (fid=11)",628.653876578597,16,,
Car 219,,,,,18,switch,,"Charger 18 (fid=13) not available, trying Charger 16 (fid=11)",628.7711243492653,16,,
Car 221,,,,,4,switch,,"Charger 4 (fid=308108) not available, trying Charger 12 (fid=7)",629.0108320805349,12,,
Car 183,,,,,12,switch,,"Charger 12 (fid=7) not available, trying Charger 19 (fid=14)",629.3633011742972,19,,
Car 198,,,,,11,switch,,"Charger 11 (fid=6) not available, trying Charger 13 (fid=8)",629.4965541224018,13,,
Car 175,,,,,4,switch,,"Charger 4 (fid=308108) not available, trying Charger 10 (fid=4)",629.6355832201731,10,,
Car 151,92.0,11,16,,,done,,done charging,629.6523816097933,,,185.43368344284485
Car 200,,11,16,,,start_charge,,starting to charge at Charger 16 (fid=11),629.6523816097933,,34.20699979971994,
Car 228,,,,34,,arrived,,arrived,629.6553137271798,,,
Car 196,,,,,1,switch,,"Charger 1 (fid=308702) not available, trying Charger 9 (fid=3)",629.6671299800316,9,,
Car 201,,,,,20,switch,,"Charger 20 (fid=15) not available, trying Charger 2 (fid=307904)",629.7086038691154,2,,
Car 163,,,,,12,switch,,"Charger 12 (fid=7) not available, trying Charger 9 (fid=3)",629.7326821244164,9,,
Car 178,,,,,10,switch,,"Charger 10 (fid=4) not available, trying Charger 12 (fid=7)",629.8723490602059,12,,
Car 214,,,,,5,switch,,"Charger 5 (fid=5) not available, trying Charger 16 (fid=11)",630.0515941884826,16,,
Car 208,,,,,14,switch,,"Charger 14 (fid=9) not available, trying Charger 11 (fid=6)",630.1206763993014,11,,
Car 223,,,,,11,switch,,"Charger 11 (fid=6) not available, trying Charger 14 (fid=9)",630.3027241476556,14,,
Car 224,,,,,0,switch,,"Charger 0 (fid=308440) not available, trying Charger 16 (fid=11)",630.3034228791631,16,,
Car 162,,,,,4,switch,,"Charger 4 (fid=308108) not available, trying Charger 18 (fid=13)",630.3431738914678,18,,
Car 226,,,,,8,switch,,"Charger 8 (fid=91) not available, trying Charger 7 (fid=2)",630.3478667668279,7,,
Car 213,,,,,2,switch,,"Charger 2 (fid=307904) not available, trying Charger 3 (fid=307905)",630.4010447464649,3,,
Car 179,,,,,13,switch,,"Charger 13 (fid=8) not available, trying Charger 2 (fid=307904)",630.4639237263367,2,,
Car 191,,,,,3,switch,,"Charger 3 (fid=307905) not available, trying Charger 14 (fid=9)",630.5209713383065,14,,
Car 229,,,,62,,arrived,,arrived,630.7484789190823,,,
Car 180,,,,,10,switch,,"Charger 10 (fid=4) not available, trying Charger 12 (fid=7)",630.8228804752739,12,,
Car 192,,,,,2,switch,,"Charger 2 (fid=307904) not available, trying Charger 3 (fid=307905)",630.8784363947393,3,,
Car 209,,,,,1,switch,,"Charger 1 (fid=308702) not available, trying Charger 11 (fid=6)",631.0103569919742,11,,
Car 227,,,,,19,switch,,"Charger 19 (fid=14) not available, trying Charger 0 (fid=308440)",631.0371950637815,0,,
Car 165,73.0,3,9,,,done,,done charging,631.0964560844559,,,228.93059149510836
Car 134,,3,9,,,start_charge,,starting to charge at Charger 9 (fid=3),631.0964560844559,,84.05919040718192,
Car 159,,,,,10,switch,,"Charger 10 (fid=4) not available, trying Charger 5 (fid=5)",631.1069096208531,5,,
Car 140,,,,,12,switch,,"Charger 12 (fid=7) not available, trying Charger 9 (fid=3)",631.6716884187033,9,,
Car 207,,,,,1,switch,,"Charger 1 (fid=308702) not available, trying Charger 16 (fid=11)",631.9202538972827,16,,
Car 141,,,,,9,switch,,"Charger 9 (fid=3) not available, trying Charger 7 (fid=2)",632.0724978328393,7,,
Car 149,,,,,3,switch,,"Charger 3 (fid=307905) not available, trying Charger 10 (fid=4)",632.1017323897871,10,,
Car 222,,,,,16,switch,,"Charger 16 (fid=11) not available, trying Charger 2 (fid=307904)",632.1263731975689,2,,
Car 190,,,,,4,switch,,"Charger 4 (fid=308108) not available, trying Charger 11 (fid=6)",632.3842806018175,11,,
Car 230,,,,79,,arrived,,arrived,632.5117818893912,,,
Car 181,,,,,18,switch,,"Charger 18 (fid=13) not available, trying Charger 2 (fid=307904)",632.5637502384556,2,,
Car 176,,,,,5,switch,,"Charger 5 (fid=5) not available, trying Charger 13 (fid=8)",632.6059574438443,13,,
Car 117,114.0,14,19,,,done,,done charging,632.6792363672964,,,397.90172681550234
Car 228,,14,19,,,start_charge,,starting to charge at Charger 19 (fid=14),632.6792363672964,,3.023922640116666,
Car 164,,,,,15,switch,,"Charger 15 (fid=10) not available, trying Charger 2 (fid=307904)",632.7050381240144,2,,
Car 211,,,,,3,switch,,"Charger 3 (fid=307905) not available, trying Charger 12 (fid=7)",632.8915936771361,12,,
Car 138,,,,,4,switch,,"Charger 4 (fid=308108) not available, trying Charger 17 (fid=12)",632.9874470051069,17,,
Car 215,,,,,2,switch,,"Charger 2 (fid=307904) not available, trying Charger 3 (fid=307905)",633.0050247751891,3,,
Car 94,,,,,,gave_up,18,"no alternate charger available, gave up",633.5570144339129,,,
Car 167,96.0,4,10,,,done,,done charging,633.5592738620694,,,30.915951735763496
Car 118,,4,10,,,start_charge,,starting to charge at Charger 10 (fid=4),633.5592738620694,,82.64107964122786,
Car 212,,,,,3,switch,,"Charger 3 (fid=307905) not available, trying Charger 18 (fid=13)",633.8279529375246,18,,
Car 185,78.0,15,20,,,done,,done charging,633.9141161486489,,,222.1114232837758
Car 156,83.0,9,14,,,done,,done charging,633.9390343927274,,,272.6060173470667
Car 225,,9,14,,,start_charge,,starting to charge at Charger 14 (fid=9),633.9390343927274,,9.536186534728472,
Car 184,,,,,16,switch,,"Charger 16 (fid=11) not available, trying Charger 7 (fid=2)",633.9889917984937,7,,
Car 216,,,,,11,switch,,"Charger 11 (fid=6) not available, trying Charger 16 (fid=11)",634.6321912574249,16,,
Car 194,,,,,1,switch,,"Charger 1 (fid=308702) not available, trying Charger 6 (fid=1)",634.7468936662675,6,,
Car 218,,,,,11,switch,,"Charger 11 (fid=6) not available, trying Charger 14 (fid=9)",634.859925165845,14,,
Car 206,,,,,14,switch,,"Charger 14 (fid=9) not available, trying Charger 15 (fid=10)",634.8854287367267,15,,
Car 203,,,,,2,switch,,"Charger 2 (fid=307904) not available, trying Charger 3 (fid=307905)",635.5681993958789,3,,
Car 213,,,,,3,switch,,"Charger 3 (fid=307905) not available, trying Charger 18 (fid=13)",635.664670928029,18,,
Car 221,,,,,12,switch,,"Charger 12 (fid=7) not available, trying Charger 2 (fid=307904)",635.6731614159654,2,,
Car 229,,,,,16,switch,,"Charger 16 (fid=11) not available, trying Charger 11 (fid=6)",635.7484789190823,11,,
Car 192,,,,,3,switch,,"Charger 3 (fid=307905) not available, trying Charger 14 (fid=9)",636.1420625763034,14,,
Car 189,,,,,11,switch,,"Charger 11 (fid=6) not available, trying Charger 15 (fid=10)",636.1556430285498,15,,
Car 169,,,,,10,switch,,"Charger 10 (fid=4) not available, trying Charger 12 (fid=7)",636.1760207541098,12,,
Car 193,,,,,18,switch,,"Charger 18 (fid=13) not available, trying Charger 1 (fid=308702)",636.3390664035238,1,,
Car 217,,,,,12,switch,,"Charger 12 (fid=7) not available, trying Charger 7 (fid=2)",636.5562588274065,7,,
Car 199,,,,,1,switch,,"Charger 1 (fid=308702) not available, trying Charger 11 (fid=6)",636.7325114314712,11,,
Car 186,,,,,11,switch,,"Charger 11 (fid=6) not available, trying Charger 0 (fid=308440)",636.9657359967271,0,,
Car 159,,,,,5,switch,,"Charger 5 (fid=5) not available, trying Charger 13 (fid=8)",636.9953096692411,13,,
Car 226,,,,,7,switch,,"Charger 7 (fid=2) not available, trying Charger 4 (fid=308108)",637.1748579538566,4,,
Car 231,,,,5,,arrived,,arrived,637.2577038996012,,,
Car 205,,,,,16,switch,,"Charger 16 (fid=11) not available, trying Charger 9 (fid=3)",637.4886720354947,9,,
Car 230,,,,,2,switch,,"Charger 2 (fid=307904) not available, trying Charger 3 (fid=307905)",637.5117818893912,3,,
Car 202,,,,,19,switch,,"Charger 19 (fid=14) not available, trying Charger 1 (fid=308702)",637.5578625301047,1,,
Car 227,,,,,0,switch,,"Charger 0 (fid=308440) not available, trying Charger 11 (fid=6)",637.6315895256466,11,,
Car 168,,,,,9,switch,,"Charger 9 (fid=3) not available, trying Charger 6 (fid=1)",637.9928134797373,6,,
Car 132,,,,,9,switch,,"Charger 9 (fid=3) not available, trying Charger 7 (fid=2)",638.021324388641,7,,
Car 187,53.0,14,19,,,done,,done charging,638.1867303079847,,,268.0853993613883
Car 183,,14,19,,,start_charge,,starting to charge at Charger 19 (fid=14),638.1867303079847,,48.286190354576206,
Car 215,,,,,3,switch,,"Charger 3 (fid=307905) not available, trying Charger 6 (fid=1)",638.2686509567532,6,,
Car 224,,,,,16,switch,,"Charger 16 (fid=11) not available, trying Charger 11 (fid=6)",638.2792731838075,11,,
Car 219,,,,,16,switch,,"Charger 16 (fid=11) not available, trying Charger 1 (fid=308702)",638.3708923092281,1,,
Car 153,,,,,18,switch,,"Charger 18 (fid=13) not available, trying Charger 4 (fid=308108)",638.3882134426943,4,,
Car 214,,,,,16,switch,,"Charger 16 (fid=11) not available, trying Charger 19 (fid=14)",638.7096220939576,19,,
Car 173,,,,,2,switch,,"Charger 2 (fid=307904) not available, trying Charger 3 (fid=307905)",638.9404669619183,3,,
Car 208,,,,,11,switch,,"Charger 11 (fid=6) not available, trying Charger 10 (fid=4)",639.5366093968519,10,,
Car 223,,,,,14,switch,,"Charger 14 (fid=9) not available, trying Charger 9 (fid=3)",639.7186571452061,9,,
Car 198,,,,,13,switch,,"Charger 13 (fid=8) not available, trying Charger 6 (fid=1)",639.7939250166045,6,,
Car 201,,,,,2,switch,,"Charger 2 (fid=307904) not available, trying Charger 3 (fid=307905)",639.9964011857467,3,,
Car 211,,,,,12,switch,,"Charger 12 (fid=7) not available, trying Charger 0 (fid=308440)",640.4871229206469,0,,
Car 163,,,,,9,switch,,"Charger 9 (fid=3) not available, trying Charger 8 (fid=91)",640.5064396608226,8,,
Car 176,,,,,13,switch,,"Charger 13 (fid=8) not available, trying Charger 6 (fid=1)",640.541325383464,6,,
Car 147,91.0,7,12,,,done,,done charging,640.6407376929485,,,388.7399253010919
Car 178,,7,12,,,start_charge,,starting to charge at Charger 12 (fid=7),640.6407376929485,,58.345154706121434,
Car 203,,,,,3,switch,,"Charger 3 (fid=307905) not available, trying Charger 14 (fid=9)",640.8318255774429,14,,
Car 207,,,,,16,switch,,"Charger 16 (fid=11) not available, trying Charger 19 (fid=14)",640.9327212891266,19,,
Car 222,,,,,2,switch,,"Charger 2 (fid=307904) not available, trying Charger 3 (fid=307905)",640.9448318228459,3,,
Car 209,,,,,11,switch,,"Charger 11 (fid=6) not available, trying Charger 2 (fid=307904)",641.227468833123,2,,
Car 206,,,,,15,switch,,"Charger 15 (fid=10) not available, trying Charger 19 (fid=14)",641.4203400929432,19,,
Car 188,75.0,308108,4,,,done,,done charging,641.5009162999315,,,138.47203364136507
Car 226,,308108,4,,,start_charge,,starting to charge at Charger 4 (fid=308108),641.5009162999315,,12.723273946115683,
Car 191,,,,,14,switch,,"Charger 14 (fid=9) not available, trying Charger 6 (fid=1)",641.6055374736561,6,,
Car 216,,,,,16,switch,,"Charger 16 (fid=11) not available, trying Charger 2 (fid=307904)",641.7965873908781,2,,
Car 138,,,,,17,switch,,"Charger 17 (fid=12) not available, trying Charger 20 (fid=15)",642.0743128092076,20,,
Car 175,,,,,10,switch,,"Charger 10 (fid=4) not available, trying Charger 5 (fid=5)",642.2374115220185,5,,
Car 190,,,,,11,switch,,"Charger 11 (fid=6) not available, trying Charger 13 (fid=8)",642.2494177404167,13,,
Car 231,,,,,5,switch,,"Charger 5 (fid=5) not available, trying Charger 10 (fid=4)",642.2577038996012,10,,
Car 85,105.0,308108,4,,,done,,done charging,642.3806752636709,,,568.8836148182193
Car 179,,,,,2,switch,,"Charger 2 (fid=307904) not available, trying Charger 3 (fid=307905)",642.4135909267178,3,,
Car 140,,,,,9,switch,,"Charger 9 (fid=3) not available, trying Charger 7 (fid=2)",642.4454459551094,7,,
Car 196,,,,,9,switch,,"Charger 9 (fid=3) not available, trying Charger 11 (fid=6)",642.5271997349208,11,,
Car 232,,,,4,,arrived,,arrived,642.6307024815862,,,
Car 230,,,,,3,switch,,"Charger 3 (fid=307905) not available, trying Charger 0 (fid=308440)",642.7754080709552,0,,
Car 229,,,,,11,switch,,"Charger 11 (fid=6) not available, trying Charger 14 (fid=9)",642.9128750525356,14,,
Car 180,,,,,12,switch,,"Charger 12 (fid=7) not available, trying Charger 5 (fid=5)",643.246114401895,5,,
Car 221,,,,,2,switch,,"Charger 2 (fid=307904) not available, trying Charger 3 (fid=307905)",643.2523538278554,3,,
Car 193,,,,,1,switch,,"Charger 1 (fid=308702) not available, trying Charger 14 (fid=9)",643.5222573413841,14,,
Car 141,,,,,7,switch,,"Charger 7 (fid=2) not available, trying Charger 8 (fid=91)",643.5822839596161,8,,
Car 181,,,,,2,switch,,"Charger 2 (fid=307904) not available, trying Charger 3 (fid=307905)",643.6147124680126,3,,
Car 217,,,,,7,switch,,"Charger 7 (fid=2) not available, trying Charger 4 (fid=308108)",643.7404792928612,4,,
Car 149,,,,,10,switch,,"Charger 10 (fid=4) not available, trying Charger 5 (fid=5)",644.0753784947057,5,,
Car 184,,,,,7,switch,,"Charger 7 (fid=2) not available, trying Charger 4 (fid=308108)",644.0958127962506,4,,
Car 173,,,,,3,switch,,"Charger 3 (fid=307905) not available, trying Charger 6 (fid=1)",644.2040931434824,6,,
Car 218,,,,,14,switch,,"Charger 14 (fid=9) not available, trying Charger 1 (fid=308702)",644.2758581633955,1,,
Car 162,,,,,18,switch,,"Charger 18 (fid=13) not available, trying Charger 1 (fid=308702)",644.3285505898341,1,,
Car 164,,,,,2,switch,,"Charger 2 (fid=307904) not available, trying Charger 3 (fid=307905)",644.3414434022352,3,,
Car 215,,,,,6,switch,,"Charger 6 (fid=1) not available, trying Charger 17 (fid=12)",644.4748413496945,17,,
Car 212,,,,,18,switch,,"Charger 18 (fid=13) not available, trying Charger 1 (fid=308702)",644.8952519987024,1,,
Car 159,,,,,13,switch,,"Charger 13 (fid=8) not available, trying Charger 15 (fid=10)",644.9306776088608,15,,
Car 201,,,,,3,switch,,"Charger 3 (fid=307905) not available, trying Charger 17 (fid=12)",645.2600273673107,17,,
Car 217,,308108,4,,,start_charge,,starting to charge at Charger 4 (fid=308108),645.3432636928204,,30.0,
Car 224,,,,,11,switch,,"Charger 11 (fid=6) not available, trying Charger 2 (fid=307904)",645.4436693172607,2,,
Car 214,,,,,19,switch,,"Charger 19 (fid=14) not available, trying Charger 1 (fid=308702)",645.9395543308948,1,,
Car 186,,,,,0,switch,,"Charger 0 (fid=308440) not available, trying Charger 9 (fid=3)",646.1342669855799,9,,
Car 189,,,,,15,switch,,"Charger 15 (fid=10) not available, trying Charger 2 (fid=307904)",646.1397520005922,2,,
Car 222,,,,,3,switch,,"Charger 3 (fid=307905) not available, trying Charger 0 (fid=308440)",646.20845800441,0,,
Car 233,,,,61,,arrived,,arrived,646.5951742727634,,,
Car 205,,,,,9,switch,,"Charger 9 (fid=3) not available, trying Charger 7 (fid=2)",646.5990025441539,7,,
Car 194,,,,,6,switch,,"Charger 6 (fid=1) not available, trying Charger 17 (fid=12)",646.6108234685523,17,,
Car 202,,,,,1,switch,,"Charger 1 (fid=308702) not available, trying Charger 11 (fid=6)",646.6594340553846,11,,
Car 213,,,,,18,switch,,"Charger 18 (fid=13) not available, trying Charger 6 (fid=1)",646.7319699892067,6,,
Car 227,,,,,11,switch,,"Charger 11 (fid=6) not available, trying Charger 16 (fid=11)",646.8001205144994,16,,
Car 199,,,,,11,switch,,"Charger 11 (fid=6) not available, trying Charger 0 (fid=308440)",646.94962327262,0,,
Car 192,,,,,14,switch,,"Charger 14 (fid=9) not available, trying Charger 10 (fid=4)",647.226628711653,10,,
Car 219,,,,,1,switch,,"Charger 1 (fid=308702) not available, trying Charger 11 (fid=6)",647.383359701072,11,,
Car 232,,,,,10,switch,,"Charger 10 (fid=4) not available, trying Charger 5 (fid=5)",647.6307024815862,5,,
Car 179,,,,,3,switch,,"Charger 3 (fid=307905) not available, trying Charger 17 (fid=12)",647.6772171082819,17,,
Car 234,,,,51,,arrived,,arrived,647.9009322337618,,,
Car 234,,15,20,,,start_charge,,starting to charge at Charger 20 (fid=15),647.9009322337618,,0.0,
Car 175,,,,,5,switch,,"Charger 5 (fid=5) not available, trying Charger 20 (fid=15)",648.1258115704065,20,,
Car 231,,,,,10,switch,,"Charger 10 (fid=4) not available, trying Charger 13 (fid=8)",648.1461039479892,13,,
Car 207,,,,,19,switch,,"Charger 19 (fid=14) not available, trying Charger 18 (fid=13)",648.1626535260638,18,,
Car 195,57.0,13,18,,,done,,done charging,648.2711256843332,,,182.21427979883504
Car 221,,,,,3,switch,,"Charger 3 (fid=307905) not available, trying Charger 6 (fid=1)",648.5159800094194,6,,
Car 169,,,,,12,switch,,"Charger 12 (fid=7) not available, trying Charger 5 (fid=5)",648.599254680731,5,,
Car 223,,,,,9,switch,,"Charger 9 (fid=3) not available, trying Charger 15 (fid=10)",648.8064104464214,15,,
Car 168,,,,,6,switch,,"Charger 6 (fid=1) not available, trying Charger 2 (fid=307904)",648.8267796294576,2,,
Car 181,,,,,3,switch,,"Charger 3 (fid=307905) not available, trying Charger 6 (fid=1)",648.8783386495767,6,,
Car 132,,,,,7,switch,,"Charger 7 (fid=2) not available, trying Charger 8 (fid=91)",649.5311105154178,8,,
Car 209,,,,,2,switch,,"Charger 2 (fid=307904) not available, trying Charger 3 (fid=307905)",649.5521530715824,3,,
Car 164,,,,,3,switch,,"Charger 3 (fid=307905) not available, trying Charger 6 (fid=1)",649.6050695837993,6,,
Car 208,,,,,10,switch,,"Charger 10 (fid=4) not available, trying Charger 5 (fid=5)",649.8646369367771,5,,
Car 149,,,,,5,switch,,"Charger 5 (fid=5) not available, trying Charger 0 (fid=308440)",649.9637785430937,0,,
Car 235,,,,25,,arrived,,arrived,650.1865184956838,,,
Car 141,,,,,8,switch,,"Charger 8 (fid=91) not available, trying Charger 4 (fid=308108)",650.4092751466449,4,,
Car 173,,,,,6,switch,,"Charger 6 (fid=1) not available, trying Charger 17 (fid=12)",650.4102835364238,17,,
Car 216,,,,,2,switch,,"Charger 2 (fid=307904) not available, trying Charger 3 (fid=307905)",650.6150460161551,3,,
Car 184,,,,,4,switch,,"Charger 4 (fid=308108) not available, trying Charger 18 (fid=13)",650.6985971962098,18,,
Car 146,77.0,6,11,,,done,,done charging,650.8375128876911,,,314.34000326158736
Car 196,,6,11,,,start_charge,,starting to charge at Charger 11 (fid=6),650.8375128876911,,48.515444516649154,
Car 198,,,,,6,switch,,"Charger 6 (fid=1) not available, trying Charger 12 (fid=7)",651.1546745745126,12,,
Car 215,,,,,17,switch,,"Charger 17 (fid=12) not available, trying Charger 20 (fid=15)",651.2454277004845,20,,
Car 159,,,,,15,switch,,"Charger 15 (fid=10) not available, trying Charger 12 (fid=7)",651.3096626634521,12,,
Car 206,,,,,19,switch,,"Charger 19 (fid=14) not available, trying Charger 18 (fid=13)",651.3790651389884,18,,
Car 207,,13,18,,,start_charge,,starting to charge at Charger 18 (fid=13),651.3809656432474,,40.0,
Car 236,,,,72,,arrived,,arrived,651.4706373413956,,,
Car 201,,,,,17,switch,,"Charger 17 (fid=12) not available, trying Charger 11 (fid=6)",651.4957010139575,11,,
Car 162,,,,,1,switch,,"Charger 1 (fid=308702) not available, trying Charger 20 (fid=15)",651.5117415276944,20,,
Car 233,,,,,9,switch,,"Charger 9 (fid=3) not available, trying Charger 14 (fid=9)",651.5951742727634,14,,
Car 176,,,,,6,switch,,"Charger 6 (fid=1) not available, trying Charger 15 (fid=10)",651.9020749413721,15,,
Car 203,,,,,14,switch,,"Charger 14 (fid=9) not available, trying Charger 1 (fid=308702)",651.9163917127926,1,,
Car 211,,,,,0,switch,,"Charger 0 (fid=308440) not available, trying Charger 17 (fid=12)",651.9216413609533,17,,
Car 212,,,,,1,switch,,"Charger 1 (fid=308702) not available, trying Charger 14 (fid=9)",652.0784429365627,14,,
Car 191,,,,,6,switch,,"Charger 6 (fid=1) not available, trying Charger 17 (fid=12)",652.084849134912,17,,
Car 230,,,,,0,switch,,"Charger 0 (fid=308440) not available, trying Charger 6 (fid=1)",652.1282324014693,6,,
Car 229,,,,,14,switch,,"Charger 14 (fid=9) not available, trying Charger 9 (fid=3)",652.3288080500861,9,,
Car 153,,,,,4,switch,,"Charger 4 (fid=308108) not available, trying Charger 2 (fid=307904)",652.3735901410606,2,,
Car 237,,,,54,,arrived,,arrived,652.4572291208002,,,
Car 190,,,,,13,switch,,"Charger 13 (fid=8) not available, trying Charger 2 (fid=307904)",652.5467886346194,2,,
Car 163,,,,,8,switch,,"Charger 8 (fid=91) not available, trying Charger 10 (fid=4)",652.6238530707211,10,,
Car 127,106.0,8,13,,,done,,done charging,652.755316976921,,,460.0371876154904
Car 231,,8,13,,,start_charge,,starting to charge at Charger 13 (fid=8),652.755316976921,,12.143908209559413,
Car 148,88.0,8,13,,,done,,done charging,652.8259926969731,,,283.9822187818163
Car 238,,,,4,,arrived,,arrived,652.8794963392835,,,
Car 138,,,,,20,switch,,"Charger 20 (fid=15) not available, trying Charger 7 (fid=2)",652.9428429153083,7,,
Car 239,,,,37,,arrived,,arrived,653.1205734756063,,,
Car 194,,,,,17,switch,,"Charger 17 (fid=12) not available, trying Charger 14 (fid=9)",653.3814098193423,14,,
Car 193,,,,,14,switch,,"Charger 14 (fid=9) not available, trying Charger 12 (fid=7)",653.4435090766704,12,,
Car 232,,,,,5,switch,,"Charger 5 (fid=5) not available, trying Charger 13 (fid=8)",653.5191025299742,13,,
Car 224,,,,,2,switch,,"Charger 2 (fid=307904) not available, trying Charger 3 (fid=307905)",653.7683535557202,3,,
Car 179,,,,,17,switch,,"Charger 17 (fid=12) not available, trying Charger 7 (fid=2)",653.9128907549286,7,,
Car 140,,,,,7,switch,,"Charger 7 (fid=2) not available, trying Charger 4 (fid=308108)",653.9552320818863,4,,
Car 227,,,,,16,switch,,"Charger 16 (fid=11) not available, trying Charger 2 (fid=307904)",653.9645166479527,2,,
Car 218,,,,,1,switch,,"Charger 1 (fid=308702) not available, trying Charger 10 (fid=4)",654.1971098986817,10,,
Car 240,,,,70,,arrived,,arrived,654.2443402133341,,,
Car 221,,,,,6,switch,,"Charger 6 (fid=1) not available, trying Charger 17 (fid=12)",654.7221704023608,17,,
Car 209,,,,,3,switch,,"Charger 3 (fid=307905) not available, trying Charger 14 (fid=9)",654.8157792531465,14,,
Car 168,,,,,2,switch,,"Charger 2 (fid=307904) not available, trying Charger 3 (fid=307905)",655.0166331907782,3,,
Car 214,,,,,1,switch,,"Charger 1 (fid=308702) not available, trying Charger 9 (fid=3)",655.0411258561747,9,,
Car 181,,,,,6,switch,,"Charger 6 (fid=1) not available, trying Charger 17 (fid=12)",655.084529042518,17,,
Car 235,,,,,1,switch,,"Charger 1 (fid=308702) not available, trying Charger 5 (fid=5)",655.1865184956838,5,,
Car 192,,,,,10,switch,,"Charger 10 (fid=4) not available, trying Charger 6 (fid=1)",655.4992099523141,6,,
Car 161,118.0,307905,3,,,done,,done charging,655.5368838737977,,,271.4300892110594
Car 216,,307905,3,,,start_charge,,starting to charge at Charger 3 (fid=307905),655.5368838737977,,34.65821167607851,
Car 222,,,,,0,switch,,"Charger 0 (fid=308440) not available, trying Charger 6 (fid=1)",655.561282334924,6,,
Car 208,,,,,5,switch,,"Charger 5 (fid=5) not available, trying Charger 13 (fid=8)",655.7530369851651,13,,
Car 164,,,,,6,switch,,"Charger 6 (fid=1) not available, trying Charger 17 (fid=12)",655.8112599767406,17,,
Car 180,,,,,5,switch,,"Charger 5 (fid=5) not available, trying Charger 0 (fid=308440)",655.8753458955197,0,,
Car 199,,,,,0,switch,,"Charger 0 (fid=308440) not available, trying Charger 9 (fid=3)",656.1181542614728,9,,
Car 132,,,,,8,switch,,"Charger 8 (fid=91) not available, trying Charger 4 (fid=308108)",656.3581017024466,4,,
Car 232,,8,13,,,start_charge,,starting to charge at Charger 13 (fid=8),656.454470469594,,10.0,
Car 236,,,,,19,switch,,"Charger 19 (fid=14) not available, trying Charger 0 (fid=308440)",656.4706373413956,0,,
Car 202,,,,,11,switch,,"Charger 11 (fid=6) not available, trying Charger 0 (fid=308440)",656.8765458965335,0,,
Car 173,,,,,17,switch,,"Charger 17 (fid=12) not available, trying Charger 12 (fid=7)",657.1808698872137,12,,
Car 237,,,,,19,switch,,"Charger 19 (fid=14) not available, trying Charger 16 (fid=11)",657.4572291208002,16,,
Car 160,119.0,1,6,,,done,,done charging,657.594308144335,,,273.00799904866005
Car 213,,1,6,,,start_charge,,starting to charge at Charger 6 (fid=1),657.594308144335,,38.86881171419395,
Car 219,,,,,11,switch,,"Charger 11 (fid=6) not available, trying Charger 2 (fid=307904)",657.6004715422208,2,,
Car 141,,,,,4,switch,,"Charger 4 (fid=308108) not available, trying Charger 20 (fid=15)",657.6196868297259,20,,
Car 189,,,,,2,switch,,"Charger 2 (fid=307904) not available, trying Charger 3 (fid=307905)",657.776157278813,3,,
Car 238,,,,,11,switch,,"Charger 11 (fid=6) not available, trying Charger 16 (fid=11)",657.8794963392835,16,,
Car 186,,,,,9,switch,,"Charger 9 (fid=3) not available, trying Charger 6 (fid=1)",657.9577196532695,6,,
Car 198,,,,,12,switch,,"Charger 12 (fid=7) not available, trying Charger 19 (fid=14)",658.0791134627306,19,,
Car 205,,,,,7,switch,,"Charger 7 (fid=2) not available, trying Charger 11 (fid=6)",658.1087886709307,11,,
Car 239,,,,,10,switch,,"Charger 10 (fid=4) not available, trying Charger 5 (fid=5)",658.1205734756063,5,,
Car 223,,,,,15,switch,,"Charger 15 (fid=10) not available, trying Charger 13 (fid=8)",658.4064343686807,13,,
Car 143,117.0,13,18,,,done,,done charging,658.6538700663612,,,298.00620804329026
Car 206,,13,18,,,start_charge,,starting to charge at Charger 18 (fid=13),658.6538700663612,,44.056492810189184,
Car 191,,,,,17,switch,,"Charger 17 (fid=12) not available, trying Charger 10 (fid=4)",658.855435485702,10,,
Car 224,,,,,3,switch,,"Charger 3 (fid=307905) not available, trying Charger 18 (fid=13)",659.0319797372842,18,,
Car 240,,,,,19,switch,,"Charger 19 (fid=14) not available, trying Charger 0 (fid=308440)",659.2443402133341,0,,
Car 168,,,,,3,switch,,"Charger 3 (fid=307905) not available, trying Charger 12 (fid=7)",660.2802593723422,12,,
Car 149,,,,,0,switch,,"Charger 0 (fid=308440) not available, trying Charger 17 (fid=12)",660.5209618535608,17,,
Car 140,,,,,4,switch,,"Charger 4 (fid=308108) not available, trying Charger 8 (fid=91)",660.5580164818455,8,,
Car 233,,,,,14,switch,,"Charger 14 (fid=9) not available, trying Charger 16 (fid=11)",660.6829275739788,16,,
Car 201,,,,,11,switch,,"Charger 11 (fid=6) not available, trying Charger 16 (fid=11)",660.7924327174997,16,,
Car 153,,,,,2,switch,,"Charger 2 (fid=307904) not available, trying Charger 3 (fid=307905)",660.879723155692,3,,
Car 84,66.0,91,8,,,done,,done charging,661.0584978534113,,,682.7052684651089
Car 169,,,,,5,switch,,"Charger 5 (fid=5) not available, trying Charger 13 (fid=8)",661.2284861743556,13,,
Car 175,,,,,20,switch,,"Charger 20 (fid=15) not available, trying Charger 0 (fid=308440)",661.3538128299913,0,,
Car 229,,,,,9,switch,,"Charger 9 (fid=3) not available, trying Charger 15 (fid=10)",661.4165613513014,15,,
Car 221,,,,,17,switch,,"Charger 17 (fid=12) not available, trying Charger 20 (fid=15)",661.4927567531507,20,,
Car 203,,,,,1,switch,,"Charger 1 (fid=308702) not available, trying Charger 6 (fid=1)",661.8376434480788,6,,
Car 181,,,,,17,switch,,"Charger 17 (fid=12) not available, trying Charger 12 (fid=7)",661.855115393308,12,,
Car 212,,,,,14,switch,,"Charger 14 (fid=9) not available, trying Charger 6 (fid=1)",661.9996946718489,6,,
Car 215,,,,,20,switch,,"Charger 20 (fid=15) not available, trying Charger 11 (fid=6)",662.1139578065852,11,,
Car 138,,,,,7,switch,,"Charger 7 (fid=2) not available, trying Charger 8 (fid=91)",662.1550648315631,8,,
Car 211,,,,,17,switch,,"Charger 17 (fid=12) not available, trying Charger 14 (fid=9)",662.2301763249294,14,,
Car 230,,,,,6,switch,,"Charger 6 (fid=1) not available, trying Charger 17 (fid=12)",662.4072841117398,17,,
Car 109,49.0,2,7,,,done,,done charging,662.4124155612138,,,544.3604271699903
Car 179,,2,7,,,start_charge,,starting to charge at Charger 7 (fid=2),662.4124155612138,,69.62368719278652,
Car 159,,,,,12,switch,,"Charger 12 (fid=7) not available, trying Charger 9 (fid=3)",662.4701640188579,9,,
Car 218,,,,,10,switch,,"Charger 10 (fid=4) not available, trying Charger 2 (fid=307904)",662.5462256890983,2,,
Car 164,,,,,17,switch,,"Charger 17 (fid=12) not available, trying Charger 12 (fid=7)",662.5818463275306,12,,
Car 140,,91,8,,,start_charge,,starting to charge at Charger 8 (fid=91),662.7684281649265,,95.0,
Car 227,,,,,2,switch,,"Charger 2 (fid=307904) not available, trying Charger 3 (fid=307905)",662.7829752732297,3,,
Car 176,,,,,15,switch,,"Charger 15 (fid=10) not available, trying Charger 12 (fid=7)",662.9272064767022,12,,
Car 189,,,,,3,switch,,"Charger 3 (fid=307905) not available, trying Charger 6 (fid=1)",663.0397834603771,6,,
Car 236,,,,,0,switch,,"Charger 0 (fid=308440) not available, trying Charger 16 (fid=11)",663.0650318032607,16,,
Car 132,,,,,4,switch,,"Charger 4 (fid=308108) not available, trying Charger 20 (fid=15)",663.5685133855276,20,,
Car 208,,,,,13,switch,,"Charger 13 (fid=8) not available, trying Charger 15 (fid=10)",663.6884049247848,15,,
Car 235,,,,,5,switch,,"Charger 5 (fid=5) not available, trying Charger 10 (fid=4)",663.7416318531037,10,,
Car 239,,,,,5,switch,,"Charger 5 (fid=5) not available, trying Charger 14 (fid=9)",664.0089735239943,14,,
Car 193,,,,,12,switch,,"Charger 12 (fid=7) not available, trying Charger 10 (fid=4)",664.058190558002,10,,
Car 190,,,,,2,switch,,"Charger 2 (fid=307904) not available, trying Charger 3 (fid=307905)",664.4964558350005,3,,
Car 241,,,,54,,arrived,,arrived,664.5410596671915,,,
Car 184,,,,,18,switch,,"Charger 18 (fid=13) not available, trying Charger 1 (fid=308702)",664.6839738945761,1,,
Car 237,,,,,16,switch,,"Charger 16 (fid=11) not available, trying Charger 0 (fid=308440)",664.6871613577374,0,,
Car 223,,,,,13,switch,,"Charger 13 (fid=8) not available, trying Charger 19 (fid=14)",664.785419423272,19,,
Car 238,,,,,16,switch,,"Charger 16 (fid=11) not available, trying Charger 6 (fid=1)",665.0438924727367,6,,
Car 194,,,,,14,switch,,"Charger 14 (fid=9) not available, trying Charger 12 (fid=7)",665.0962077937395,12,,
Car 173,,,,,12,switch,,"Charger 12 (fid=7) not available, trying Charger 9 (fid=3)",665.340795088573,9,,
Car 162,,,,,20,switch,,"Charger 20 (fid=15) not available, trying Charger 14 (fid=9)",665.7731193206324,14,,
Car 240,,,,,0,switch,,"Charger 0 (fid=308440) not available, trying Charger 16 (fid=11)",665.8387346751992,16,,
Car 222,,,,,6,switch,,"Charger 6 (fid=1) not available, trying Charger 17 (fid=12)",665.8403340451946,17,,
Car 209,,,,,14,switch,,"Charger 14 (fid=9) not available, trying Charger 6 (fid=1)",665.9003453884961,6,,
Car 219,,,,,2,switch,,"Charger 2 (fid=307904) not available, trying Charger 3 (fid=307905)",665.9251557806803,3,,
Car 202,,,,,0,switch,,"Charger 0 (fid=308440) not available, trying Charger 9 (fid=3)",666.0450768853863,9,,
Car 182,103.0,308440,0,,,done,,done charging,666.1061334768685,,,258.4542080520505
Car 180,,308440,0,,,start_charge,,starting to charge at Charger 0 (fid=308440),666.1061334768685,,69.6736042708817,
Car 153,,,,,3,switch,,"Charger 3 (fid=307905) not available, trying Charger 20 (fid=15)",666.143349337256,20,,
Car 141,,,,,,gave_up,20,"no alternate charger available, gave up",666.8599794218596,,,
Car 163,,,,,10,switch,,"Charger 10 (fid=4) not available, trying Charger 15 (fid=10)",666.8644129504381,15,,
Car 158,56.0,308702,1,,,done,,done charging,667.2401341949845,,,524.6667266868686
Car 184,,308702,1,,,start_charge,,starting to charge at Charger 1 (fid=308702),667.2401341949845,,65.37296936254813,
Car 192,,,,,6,switch,,"Charger 6 (fid=1) not available, trying Charger 17 (fid=12)",667.4369051683531,17,,
Car 205,,,,,11,switch,,"Charger 11 (fid=6) not available, trying Charger 17 (fid=12)",667.7746581770748,17,,
Car 170,74.0,308702,1,,,done,,done charging,667.8165608594277,,,326.62528984835353
Car 168,,,,,12,switch,,"Charger 12 (fid=7) not available, trying Charger 4 (fid=308108)",667.875788615853,4,,
Car 214,,,,,9,switch,,"Charger 9 (fid=3) not available, trying Charger 11 (fid=6)",667.9011956110639,11,,
Car 199,,,,,9,switch,,"Charger 9 (fid=3) not available, trying Charger 6 (fid=1)",667.9416069291624,6,,
Car 201,,,,,16,switch,,"Charger 16 (fid=11) not available, trying Charger 9 (fid=3)",667.9568288509529,9,,
Car 227,,,,,3,switch,,"Charger 3 (fid=307905) not available, trying Charger 6 (fid=1)",668.0466014547937,6,,
Car 121,96.0,1,6,,,done,,done charging,668.1250942424127,,,529.8504381737437
Car 186,,1,6,,,start_charge,,starting to charge at Charger 6 (fid=1),668.1250942424127,,64.3334084394229,
Car 233,,,,,16,switch,,"Charger 16 (fid=11) not available, trying Charger 20 (fid=15)",668.2128501418114,20,,
Car 242,,,,86,,arrived,,arrived,668.440054022534,,,
Car 198,,,,,19,switch,,"Charger 19 (fid=14) not available, trying Charger 4 (fid=308108)",668.6163522418418,4,,
Car 138,,,,,,gave_up,8,"no alternate charger available, gave up",668.9820560185918,,,
Car 169,,,,,13,switch,,"Charger 13 (fid=8) not available, trying Charger 15 (fid=10)",669.1638541139753,15,,
Car 230,,,,,17,switch,,"Charger 17 (fid=12) not available, trying Charger 19 (fid=14)",669.1778704625298,19,,
Car 189,,,,,6,switch,,"Charger 6 (fid=1) not available, trying Charger 17 (fid=12)",669.2459738533184,17,,
Car 241,,,,,19,switch,,"Charger 19 (fid=14) not available, trying Charger 16 (fid=11)",669.5410596671915,16,,
Car 235,,,,,10,switch,,"Charger 10 (fid=4) not available, trying Charger 18 (fid=13)",669.6300319014917,18,,
Car 190,,,,,3,switch,,"Charger 3 (fid=307905) not available, trying Charger 17 (fid=12)",669.7600820165645,17,,
Car 181,,,,,12,switch,,"Charger 12 (fid=7) not available, trying Charger 9 (fid=3)",670.0150405946673,9,,
Car 208,,,,,15,switch,,"Charger 15 (fid=10) not available, trying Charger 18 (fid=13)",670.067389979376,18,,
Car 224,,,,,18,switch,,"Charger 18 (fid=13) not available, trying Charger 6 (fid=1)",670.099278798462,6,,
Car 164,,,,,12,switch,,"Charger 12 (fid=7) not available, trying Charger 9 (fid=3)",670.7417715288899,9,,
Car 149,,,,,17,switch,,"Charger 17 (fid=12) not available, trying Charger 7 (fid=2)",670.8294968175369,7,,
Car 229,,,,,15,switch,,"Charger 15 (fid=10) not available, trying Charger 13 (fid=8)",671.0165852735607,13,,
Car 236,,,,,16,switch,,"Charger 16 (fid=11) not available, trying Charger 18 (fid=13)",671.0408821079051,18,,
Car 219,,,,,3,switch,,"Charger 3 (fid=307905) not available, trying Charger 14 (fid=9)",671.1887819622443,14,,
Car 191,,,,,10,switch,,"Charger 10 (fid=4) not available, trying Charger 5 (fid=5)",671.7847922240825,5,,
Car 221,,,,,20,switch,,"Charger 20 (fid=15) not available, trying Charger 11 (fid=6)",672.3612868592514,11,,
Car 212,,,,,6,switch,,"Charger 6 (fid=1) not available, trying Charger 17 (fid=12)",672.4790063331048,17,,
Car 222,,,,,17,switch,,"Charger 17 (fid=12) not available, trying Charger 18 (fid=13)",672.6109203959845,18,,
Car 239,,,,,14,switch,,"Charger 14 (fid=9) not available, trying Charger 16 (fid=11)",672.6624124322992,16,,
Car 237,,,,,0,switch,,"Charger 0 (fid=308440) not available, trying Charger 1 (fid=308702)",672.6630116623818,1,,
Car 116,54.0,15,20,,,done,,done charging,672.7234415978481,,,587.3046263148967
Car 132,,15,20,,,start_charge,,starting to charge at Charger 20 (fid=15),672.7234415978481,,104.9146356201868,
Car 215,,,,,11,switch,,"Charger 11 (fid=6) not available, trying Charger 19 (fid=14)",672.842396607875,19,,
Car 159,,,,,9,switch,,"Charger 9 (fid=3) not available, trying Charger 8 (fid=91)",673.243921555264,8,,
Car 242,,,,,8,switch,,"Charger 8 (fid=91) not available, trying Charger 7 (fid=2)",673.440054022534,7,,
Car 203,,,,,6,switch,,"Charger 6 (fid=1) not available, trying Charger 17 (fid=12)",673.7015732503636,17,,
Car 238,,,,,6,switch,,"Charger 6 (fid=1) not available, trying Charger 2 (fid=307904)",673.8015274530534,2,,
Car 240,,,,,16,switch,,"Charger 16 (fid=11) not available, trying Charger 18 (fid=13)",673.8145849798436,18,,
Car 211,,,,,14,switch,,"Charger 14 (fid=9) not available, trying Charger 7 (fid=2)",673.9449742993266,7,,
Car 176,,,,,12,switch,,"Charger 12 (fid=7) not available, trying Charger 17 (fid=12)",674.087707832108,17,,
Car 192,,,,,17,switch,,"Charger 17 (fid=12) not available, trying Charger 5 (fid=5)",674.207491519143,5,,
Car 227,,,,,6,switch,,"Charger 6 (fid=1) not available, trying Charger 17 (fid=12)",674.2527918477351,17,,
Car 218,,,,,2,switch,,"Charger 2 (fid=307904) not available, trying Charger 3 (fid=307905)",674.5035349623961,3,,
Car 168,,,,,4,switch,,"Charger 4 (fid=308108) not available, trying Charger 17 (fid=12)",674.5381179512835,17,,
Car 175,,,,,0,switch,,"Charger 0 (fid=308440) not available, trying Charger 17 (fid=12)",674.5785735357297,17,,
Car 223,,,,,19,switch,,"Charger 19 (fid=14) not available, trying Charger 6 (fid=1)",674.6291376363273,6,,
Car 243,,,,87,,arrived,,arrived,674.7264707436458,,,
Car 120,107.0,308440,0,,,done,,done charging,674.7556667467094,,,586.9980956622358
Car 163,,,,,15,switch,,"Charger 15 (fid=10) not available, trying Charger 7 (fid=2)",675.0960747224636,7,,
Car 169,,,,,15,switch,,"Charger 15 (fid=10) not available, trying Charger 9 (fid=3)",675.5428391685665,9,,
Car 194,,,,,12,switch,,"Charger 12 (fid=7) not available, trying Charger 9 (fid=3)",675.7108892750712,9,,
Car 237,,308702,1,,,start_charge,,starting to charge at Charger 1 (fid=308702),675.7734642897802,,15.0,
Car 190,,,,,17,switch,,"Charger 17 (fid=12) not available, trying Charger 7 (fid=2)",675.9957556632113,7,,
Car 189,,,,,17,switch,,"Charger 17 (fid=12) not available, trying Charger 12 (fid=7)",676.0165602041084,12,,
Car 173,,,,,9,switch,,"Charger 9 (fid=3) not available, trying Charger 7 (fid=2)",676.1145526249792,7,,
Car 209,,,,,6,switch,,"Charger 6 (fid=1) not available, trying Charger 17 (fid=12)",676.379657049752,17,,
Car 153,,,,,20,switch,,"Charger 20 (fid=15) not available, trying Charger 17 (fid=12)",676.4474834855081,17,,
Car 193,,,,,10,switch,,"Charger 10 (fid=4) not available, trying Charger 9 (fid=3)",676.4814244846232,9,,
Car 241,,,,,16,switch,,"Charger 16 (fid=11) not available, trying Charger 0 (fid=308440)",676.7709919041287,0,,
Car 162,,,,,14,switch,,"Charger 14 (fid=9) not available, trying Charger 9 (fid=3)",676.9421571300414,9,,
Car 201,,,,,9,switch,,"Charger 9 (fid=3) not available, trying Charger 14 (fid=9)",677.0671593596121,14,,
Car 205,,,,,17,switch,,"Charger 17 (fid=12) not available, trying Charger 14 (fid=9)",677.071389880617,14,,
Car 229,,,,,13,switch,,"Charger 13 (fid=8) not available, trying Charger 19 (fid=14)",677.395570328152,19,,
Car 191,,,,,5,switch,,"Charger 5 (fid=5) not available, trying Charger 13 (fid=8)",677.6731922724705,13,,
Car 214,,,,,11,switch,,"Charger 11 (fid=6) not available, trying Charger 0 (fid=308440)",677.6960642471851,0,,
Car 202,,,,,9,switch,,"Charger 9 (fid=3) not available, trying Charger 6 (fid=1)",677.8685295530759,6,,
Car 244,,,,62,,arrived,,arrived,678.3390243068651,,,
Car 230,,,,,19,switch,,"Charger 19 (fid=14) not available, trying Charger 11 (fid=6)",678.5286911914391,11,,
Car 233,,,,,20,switch,,"Charger 20 (fid=15) not available, trying Charger 15 (fid=10)",678.7547952359889,15,,
Car 199,,,,,6,switch,,"Charger 6 (fid=1) not available, trying Charger 2 (fid=307904)",678.7755730788828,2,,
Car 245,,,,5,,arrived,,arrived,678.7963541794202,,,
Car 212,,,,,17,switch,,"Charger 17 (fid=12) not available, trying Charger 10 (fid=4)",679.2495926838948,10,,
Car 149,,,,,7,switch,,"Charger 7 (fid=2) not available, trying Charger 8 (fid=91)",679.7053344310356,8,,
Car 243,,,,,8,switch,,"Charger 8 (fid=91) not available, trying Charger 7 (fid=2)",679.7264707436458,7,,
Car 241,,308440,0,,,start_charge,,starting to charge at Charger 0 (fid=308440),679.746842208773,,10.0,
Car 218,,,,,3,switch,,"Charger 3 (fid=307905) not available, trying Charger 18 (fid=13)",679.7671611439602,18,,
Car 235,,,,,18,switch,,"Charger 18 (fid=13) not available, trying Charger 0 (fid=308440)",679.797302407376,0,,
Car 238,,,,,2,switch,,"Charger 2 (fid=307904) not available, trying Charger 3 (fid=307905)",679.9913810143739,3,,
Car 198,,,,,4,switch,,"Charger 4 (fid=308108) not available, trying Charger 2 (fid=307904)",680.0805316236945,2,,
Car 239,,,,,16,switch,,"Charger 16 (fid=11) not available, trying Charger 13 (fid=8)",680.1923350001318,13,,
Car 242,,,,,7,switch,,"Charger 7 (fid=2) not available, trying Charger 4 (fid=308108)",680.2670452095628,4,,
Car 203,,,,,17,switch,,"Charger 17 (fid=12) not available, trying Charger 10 (fid=4)",680.4721596011535,10,,
Car 236,,,,,18,switch,,"Charger 18 (fid=13) not available, trying Charger 11 (fid=6)",680.6406500678679,11,,
Car 181,,,,,9,switch,,"Charger 9 (fid=3) not available, trying Charger 7 (fid=2)",680.7887981310735,7,,
Car 227,,,,,17,switch,,"Charger 17 (fid=12) not available, trying Charger 18 (fid=13)",681.023378198525,18,,
Car 215,,,,,19,switch,,"Charger 19 (fid=14) not available, trying Charger 16 (fid=11)",681.053213361661,16,,
Car 246,,,,1,,arrived,,arrived,681.4074339997212,,,
Car 164,,,,,9,switch,,"Charger 9 (fid=3) not available, trying Charger 7 (fid=2)",681.515529065296,7,,
Car 247,,,,20,,arrived,,arrived,681.7307732936275,,,
Car 224,,,,,6,switch,,"Charger 6 (fid=1) not available, trying Charger 17 (fid=12)",682.0928052393963,17,,
Car 176,,,,,17,switch,,"Charger 17 (fid=12) not available, trying Charger 9 (fid=3)",682.2476330334673,9,,
Car 219,,,,,14,switch,,"Charger 14 (fid=9) not available, trying Charger 10 (fid=4)",682.273348097594,10,,
Car 208,,,,,18,switch,,"Charger 18 (fid=13) not available, trying Charger 2 (fid=307904)",682.3959507484468,2,,
Car 221,,,,,11,switch,,"Charger 11 (fid=6) not available, trying Charger 19 (fid=14)",683.0897256605413,19,,
Car 209,,,,,17,switch,,"Charger 17 (fid=12) not available, trying Charger 10 (fid=4)",683.150243400542,10,,
Car 244,,,,,16,switch,,"Charger 16 (fid=11) not available, trying Charger 11 (fid=6)",683.3390243068651,11,,
Car 240,,,,,18,switch,,"Charger 18 (fid=13) not available, trying Charger 11 (fid=6)",683.4143529398065,11,,
Car 168,,,,,17,switch,,"Charger 17 (fid=12) not available, trying Charger 20 (fid=15)",683.6249837553843,20,,
Car 245,,,,,5,switch,,"Charger 5 (fid=5) not available, trying Charger 10 (fid=4)",683.7963541794202,10,,
Car 223,,,,,6,switch,,"Charger 6 (fid=1) not available, trying Charger 2 (fid=307904)",683.9504751115311,2,,
Car 189,,,,,12,switch,,"Charger 12 (fid=7) not available, trying Charger 9 (fid=3)",684.1764854054677,9,,
Car 222,,,,,18,switch,,"Charger 18 (fid=13) not available, trying Charger 14 (fid=9)",684.6339300906243,14,,
Car 190,,,,,7,switch,,"Charger 7 (fid=2) not available, trying Charger 19 (fid=14)",684.87159327671,19,,
Car 175,,,,,17,switch,,"Charger 17 (fid=12) not available, trying Charger 7 (fid=2)",684.8871084997057,7,,
Car 199,,,,,2,switch,,"Charger 2 (fid=307904) not available, trying Charger 3 (fid=307905)",684.9654266402033,3,,
Car 169,,,,,9,switch,,"Charger 9 (fid=3) not available, trying Charger 8 (fid=91)",685.1428630908258,8,,
Car 238,,,,,3,switch,,"Charger 3 (fid=307905) not available, trying Charger 12 (fid=7)",685.255007195938,12,,
Car 159,,,,,8,switch,,"Charger 8 (fid=91) not available, trying Charger 7 (fid=2)",685.3613349651625,7,,
Car 191,,,,,13,switch,,"Charger 13 (fid=8) not available, trying Charger 15 (fid=10)",685.6085602120902,15,,
Car 211,,,,,7,switch,,"Charger 7 (fid=2) not available, trying Charger 9 (fid=3)",685.7693544506324,9,,
Car 162,,,,,9,switch,,"Charger 9 (fid=3) not available, trying Charger 15 (fid=10)",686.0299104312568,15,,
Car 201,,,,,14,switch,,"Charger 14 (fid=9) not available, trying Charger 15 (fid=10)",686.1549126608274,15,,
Car 246,,,,,6,switch,,"Charger 6 (fid=1) not available, trying Charger 2 (fid=307904)",686.4074339997212,2,,
Car 194,,,,,9,switch,,"Charger 9 (fid=3) not available, trying Charger 8 (fid=91)",686.4846468114773,8,,
Car 248,,,,5,,arrived,,arrived,686.5239297114936,,,
Car 149,,,,,8,switch,,"Charger 8 (fid=91) not available, trying Charger 1 (fid=308702)",686.5323256180643,1,,
Car 243,,,,,7,switch,,"Charger 7 (fid=2) not available, trying Charger 4 (fid=308108)",686.5534619306745,4,,
Car 247,,,,,0,switch,,"Charger 0 (fid=308440) not available, trying Charger 19 (fid=14)",686.7307732936275,19,,
Car 230,,,,,11,switch,,"Charger 11 (fid=6) not available, trying Charger 12 (fid=7)",686.7395079452251,12,,
Car 214,,,,,0,switch,,"Charger 0 (fid=308440) not available, trying Charger 6 (fid=1)",686.8645952360379,6,,
Car 242,,,,,4,switch,,"Charger 4 (fid=308108) not available, trying Charger 12 (fid=7)",686.869829609522,12,,
Car 171,113.0,10,15,,,done,,done charging,686.9642150573227,,,244.6943114773611
Car 233,,10,15,,,start_charge,,starting to charge at Charger 15 (fid=10),686.9642150573227,,21.525806088835225,
Car 235,,,,,0,switch,,"Charger 0 (fid=308440) not available, trying Charger 13 (fid=8)",687.024495626678,13,,
Car 229,,,,,19,switch,,"Charger 19 (fid=14) not available, trying Charger 6 (fid=1)",687.2392885412073,6,,
Car 153,,,,,17,switch,,"Charger 17 (fid=12) not available, trying Charger 7 (fid=2)",687.3160135916088,7,,
Car 192,,,,,5,switch,,"Charger 5 (fid=5) not available, trying Charger 13 (fid=8)",687.3428458245269,13,,
Car 163,,,,,7,switch,,"Charger 7 (fid=2) not available, trying Charger 5 (fid=5)",687.4662747478435,5,,
Car 173,,,,,7,switch,,"Charger 7 (fid=2) not available, trying Charger 4 (fid=308108)",687.624338751756,4,,
Car 249,,,,81,,arrived,,arrived,688.0217549722432,,,
Car 193,,,,,9,switch,,"Charger 9 (fid=3) not available, trying Charger 8 (fid=91)",688.0709205885319,8,,
Car 215,,,,,16,switch,,"Charger 16 (fid=11) not available, trying Charger 0 (fid=308440)",688.2831455985983,0,,
Car 198,,,,,2,switch,,"Charger 2 (fid=307904) not available, trying Charger 3 (fid=307905)",688.5866646383258,3,,
Car 239,,,,,13,switch,,"Charger 13 (fid=8) not available, trying Charger 1 (fid=308702)",688.6014852856279,1,,
Car 202,,,,,6,switch,,"Charger 6 (fid=1) not available, trying Charger 2 (fid=307904)",688.7024957027962,2,,
Car 205,,,,,14,switch,,"Charger 14 (fid=9) not available, trying Charger 8 (fid=91)",688.7861878550142,8,,
Car 224,,,,,17,switch,,"Charger 17 (fid=12) not available, trying Charger 1 (fid=308702)",688.8633915901862,1,,
Car 250,,,,90,,arrived,,arrived,689.0549672512603,,,
Car 251,,,,4,,arrived,,arrived,689.190401488343,,,
Car 245,,,,,10,switch,,"Charger 10 (fid=4) not available, trying Charger 13 (fid=8)",689.6847542278082,13,,
Car 223,,,,,2,switch,,"Charger 2 (fid=307904) not available, trying Charger 3 (fid=307905)",690.1403286728516,3,,
Car 199,,,,,3,switch,,"Charger 3 (fid=307905) not available, trying Charger 18 (fid=13)",690.2290528217674,18,,
Car 226,49.0,308108,4,,,done,,done charging,690.5009162999315,,,209.66513406538752
Car 243,,308108,4,,,start_charge,,starting to charge at Charger 4 (fid=308108),690.5009162999315,,12.344669969297797,
Car 244,,,,,11,switch,,"Charger 11 (fid=6) not available, trying Charger 14 (fid=9)",690.5034204403183,14,,
Car 219,,,,,10,switch,,"Charger 10 (fid=4) not available, trying Charger 6 (fid=1)",690.5459293382551,6,,
Car 218,,,,,18,switch,,"Charger 18 (fid=13) not available, trying Charger 5 (fid=5)",690.8344602051379,5,,
Car 134,60.0,3,9,,,done,,done charging,691.0964560844559,,,507.0427734640856
Car 176,,3,9,,,start_charge,,starting to charge at Charger 9 (fid=3),691.0964560844559,,81.779370588127,
Car 221,,,,,19,switch,,"Charger 19 (fid=14) not available, trying Charger 16 (fid=11)",691.3005424143273,16,,
Car 236,,,,,11,switch,,"Charger 11 (fid=6) not available, trying Charger 1 (fid=308702)",691.4450624771356,1,,
Car 248,,,,,5,switch,,"Charger 5 (fid=5) not available, trying Charger 10 (fid=4)",691.5239297114936,10,,
Car 191,,,,,15,switch,,"Charger 15 (fid=10) not available, trying Charger 12 (fid=7)",691.9875452666814,12,,
Car 212,,,,,10,switch,,"Charger 10 (fid=4) not available, trying Charger 5 (fid=5)",692.1789494222753,5,,
Car 159,,,,,7,switch,,"Charger 7 (fid=2) not available, trying Charger 4 (fid=308108)",692.1883261521913,4,,
Car 181,,,,,7,switch,,"Charger 7 (fid=2) not available, trying Charger 4 (fid=308108)",692.2985842578503,4,,
Car 246,,,,,2,switch,,"Charger 2 (fid=307904) not available, trying Charger 3 (fid=307905)",692.5972875610418,3,,
Car 201,,,,,15,switch,,"Charger 15 (fid=10) not available, trying Charger 19 (fid=14)",692.689824017044,19,,
Car 252,,,,52,,arrived,,arrived,692.6969084639126,,,
Car 238,,,,,12,switch,,"Charger 12 (fid=7) not available, trying Charger 17 (fid=12)",692.8505364394488,17,,
Car 249,,,,,2,switch,,"Charger 2 (fid=307904) not available, trying Charger 3 (fid=307905)",693.0217549722432,3,,
Car 164,,,,,7,switch,,"Charger 7 (fid=2) not available, trying Charger 4 (fid=308108)",693.0253151920729,4,,
Car 227,,,,,18,switch,,"Charger 18 (fid=13) not available, trying Charger 1 (fid=308702)",693.0463878931648,1,,
Car 247,,,,,19,switch,,"Charger 19 (fid=14) not available, trying Charger 18 (fid=13)",693.3251677554927,18,,
Car 203,,,,,10,switch,,"Charger 10 (fid=4) not available, trying Charger 5 (fid=5)",693.401516339534,5,,
Car 208,,,,,2,switch,,"Charger 2 (fid=307904) not available, trying Charger 3 (fid=307905)",693.4469129780039,3,,
Car 242,,,,,12,switch,,"Charger 12 (fid=7) not available, trying Charger 2 (fid=307904)",693.5321589449525,2,,
Car 175,,,,,7,switch,,"Charger 7 (fid=2) not available, trying Charger 1 (fid=308702)",693.7629461132044,1,,
Car 198,,,,,3,switch,,"Charger 3 (fid=307905) not available, trying Charger 10 (fid=4)",693.8502908198899,10,,
Car 250,,,,,8,switch,,"Charger 8 (fid=91) not available, trying Charger 7 (fid=2)",694.0549672512603,7,,
Car 251,,,,,11,switch,,"Charger 11 (fid=6) not available, trying Charger 16 (fid=11)",694.190401488343,16,,
Car 240,,,,,11,switch,,"Charger 11 (fid=6) not available, trying Charger 1 (fid=308702)",694.2187653490741,1,,
Car 173,,,,,4,switch,,"Charger 4 (fid=308108) not available, trying Charger 8 (fid=91)",694.2271231517152,8,,
Car 172,102.0,307904,2,,,done,,done charging,694.401131557588,,,440.47351647538386
Car 202,,307904,2,,,start_charge,,starting to charge at Charger 2 (fid=307904),694.401131557588,,64.5087822934712,
Car 168,,,,,20,switch,,"Charger 20 (fid=15) not available, trying Charger 7 (fid=2)",694.493513861485,7,,
Car 197,79.0,7,12,,,done,,done charging,694.8011786476707,,,328.0517714369519
Car 230,,7,12,,,start_charge,,starting to charge at Charger 12 (fid=7),694.8011786476707,,39.12347416658781,
Car 189,,,,,9,switch,,"Charger 9 (fid=3) not available, trying Charger 7 (fid=2)",694.9502429418739,7,,
Car 192,,,,,13,switch,,"Charger 13 (fid=8) not available, trying Charger 15 (fid=10)",695.2782137641466,15,,
Car 223,,,,,3,switch,,"Charger 3 (fid=307905) not available, trying Charger 10 (fid=4)",695.4039548544157,10,,
Car 162,,,,,15,switch,,"Charger 15 (fid=10) not available, trying Charger 13 (fid=8)",695.6299343535161,13,,
Car 222,,,,,14,switch,,"Charger 14 (fid=9) not available, trying Charger 12 (fid=7)",696.075461847921,12,,
Car 209,,,,,10,switch,,"Charger 10 (fid=4) not available, trying Charger 5 (fid=5)",696.0796001389225,5,,
Car 190,,,,,19,switch,,"Charger 19 (fid=14) not available, trying Charger 8 (fid=91)",696.1365050261074,8,,
Car 153,,,,,7,switch,,"Charger 7 (fid=2) not available, trying Charger 8 (fid=91)",696.1918512051075,8,,
Car 215,,,,,0,switch,,"Charger 0 (fid=308440) not available, trying Charger 9 (fid=3)",696.2589959032426,9,,
Car 229,,,,,6,switch,,"Charger 6 (fid=1) not available, trying Charger 2 (fid=307904)",696.5606260164111,2,,
Car 253,,,,74,,arrived,,arrived,696.5720928792523,,,
Car 254,,,,33,,arrived,,arrived,696.7799706537095,,,
Car 214,,,,,6,switch,,"Charger 6 (fid=1) not available, trying Charger 12 (fid=7)",697.1436469463084,12,,
Car 245,,,,,13,switch,,"Charger 13 (fid=8) not available, trying Charger 1 (fid=308702)",697.1500590471805,1,,
Car 169,,,,,8,switch,,"Charger 8 (fid=91) not available, trying Charger 7 (fid=2)",697.2602765007243,7,,
Car 211,,,,,9,switch,,"Charger 9 (fid=3) not available, trying Charger 4 (fid=308108)",697.2791405774092,4,,
Car 248,,,,,10,switch,,"Charger 10 (fid=4) not available, trying Charger 13 (fid=8)",697.4123297598816,13,,
Car 255,,,,77,,arrived,,arrived,697.6020334668573,,,
Car 235,,,,,13,switch,,"Charger 13 (fid=8) not available, trying Charger 15 (fid=10)",697.6141319074405,15,,
Car 252,,,,,6,switch,,"Charger 6 (fid=1) not available, trying Charger 12 (fid=7)",697.6969084639126,12,,
Car 246,,,,,3,switch,,"Charger 3 (fid=307905) not available, trying Charger 17 (fid=12)",697.8609137426058,17,,
Car 212,,,,,5,switch,,"Charger 5 (fid=5) not available, trying Charger 13 (fid=8)",698.0673494706633,13,,
Car 249,,,,,3,switch,,"Charger 3 (fid=307905) not available, trying Charger 6 (fid=1)",698.2853811538073,6,,
Car 239,,,,,1,switch,,"Charger 1 (fid=308702) not available, trying Charger 15 (fid=10)",698.4506392096158,15,,
Car 221,,,,,16,switch,,"Charger 16 (fid=11) not available, trying Charger 0 (fid=308440)",698.5304746512645,0,,
Car 194,,,,,8,switch,,"Charger 8 (fid=91) not available, trying Charger 10 (fid=4)",698.6020602213758,10,,
Car 144,109.0,12,17,,,done,,done charging,698.6059758069705,,,329.02248627443487
Car 238,,12,17,,,start_charge,,starting to charge at Charger 17 (fid=12),698.6059758069705,,32.59551416616239,
Car 208,,,,,3,switch,,"Charger 3 (fid=307905) not available, trying Charger 6 (fid=1)",698.7105391595679,6,,
Car 159,,,,,4,switch,,"Charger 4 (fid=308108) not available, trying Charger 20 (fid=15)",698.7911105521505,20,,
Car 181,,,,,4,switch,,"Charger 4 (fid=308108) not available, trying Charger 8 (fid=91)",698.9013686578095,8,,
Car 203,,,,,5,switch,,"Charger 5 (fid=5) not available, trying Charger 13 (fid=8)",699.2899163879221,13,,
Car 164,,,,,4,switch,,"Charger 4 (fid=308108) not available, trying Charger 8 (fid=91)",699.6280995920321,8,,
Car 256,,,,37,,arrived,,arrived,699.7252005368667,,,
Car 244,,,,,14,switch,,"Charger 14 (fid=9) not available, trying Charger 9 (fid=3)",699.9193534378688,9,,
Car 193,,,,,8,switch,,"Charger 8 (fid=91) not available, trying Charger 5 (fid=5)",700.1883339984304,5,,
Car 227,,,,,1,switch,,"Charger 1 (fid=308702) not available, trying Charger 14 (fid=9)",700.2295788310252,14,,
Car 257,,,,2,,arrived,,arrived,700.6040011582909,,,
Car 149,,,,,1,switch,,"Charger 1 (fid=308702) not available, trying Charger 18 (fid=13)",700.6844601945587,18,,
Car 250,,,,,7,switch,,"Charger 7 (fid=2) not available, trying Charger 4 (fid=308108)",700.8819584382891,4,,
Car 163,,,,,5,switch,,"Charger 5 (fid=5) not available, trying Charger 13 (fid=8)",700.9591535483262,13,,
Car 242,,,,,2,switch,,"Charger 2 (fid=307904) not available, trying Charger 3 (fid=307905)",701.1113513568424,3,,
Car 218,,,,,5,switch,,"Charger 5 (fid=5) not available, trying Charger 13 (fid=8)",701.2077282780256,13,,
Car 205,,,,,8,switch,,"Charger 8 (fid=91) not available, trying Charger 15 (fid=10)",701.2181952894416,15,,
Car 199,,,,,18,switch,,"Charger 18 (fid=13) not available, trying Charger 12 (fid=7)",701.2963518829451,12,,
Car 224,,,,,1,switch,,"Charger 1 (fid=308702) not available, trying Charger 14 (fid=9)",701.3232184334144,14,,
Car 251,,,,,16,switch,,"Charger 16 (fid=11) not available, trying Charger 6 (fid=1)",701.3547976217963,6,,
Car 115,83.0,4,10,,,done,,done charging,701.3775137255045,,,787.1772250331167
Car 256,,4,10,,,start_charge,,starting to charge at Charger 10 (fid=4),701.3775137255045,,1.6523131886377769,
Car 173,,,,,8,switch,,"Charger 8 (fid=91) not available, trying Charger 20 (fid=15)",701.4375348347962,20,,
Car 216,46.0,307905,3,,,done,,done charging,701.5368838737977,,,300.03549415763644
Car 242,,307905,3,,,start_charge,,starting to charge at Charger 3 (fid=307905),701.5368838737977,,25.161906335391222,
Car 247,,,,,18,switch,,"Charger 18 (fid=13) not available, trying Charger 16 (fid=11)",701.5434798726762,16,,
Car 253,,,,,2,switch,,"Charger 2 (fid=307904) not available, trying Charger 3 (fid=307905)",701.5720928792523,3,,
Car 192,,,,,15,switch,,"Charger 15 (fid=10) not available, trying Charger 12 (fid=7)",701.6571988187378,12,,
Car 236,,,,,1,switch,,"Charger 1 (fid=308702) not available, trying Charger 2 (fid=307904)",701.6621743182844,2,,
Car 254,,,,,19,switch,,"Charger 19 (fid=14) not available, trying Charger 0 (fid=308440)",701.7799706537095,0,,
Car 209,,,,,5,switch,,"Charger 5 (fid=5) not available, trying Charger 13 (fid=8)",701.9680001873105,13,,
Car 162,,,,,13,switch,,"Charger 13 (fid=8) not available, trying Charger 10 (fid=4)",702.0089194081073,10,,
Car 219,,,,,6,switch,,"Charger 6 (fid=1) not available, trying Charger 17 (fid=12)",702.483624554294,17,,
Car 255,,,,,6,switch,,"Charger 6 (fid=1) not available, trying Charger 12 (fid=7)",702.6020334668573,12,,
Car 201,,,,,19,switch,,"Charger 19 (fid=14) not available, trying Charger 13 (fid=8)",702.6485490630891,13,,
Car 229,,,,,2,switch,,"Charger 2 (fid=307904) not available, trying Charger 3 (fid=307905)",702.7504795777317,3,,
Car 258,,,,25,,arrived,,arrived,702.9351995591803,,,
Car 153,,,,,,gave_up,8,"no alternate charger available, gave up",703.0188423921362,,,
Car 191,,,,,12,switch,,"Charger 12 (fid=7) not available, trying Charger 9 (fid=3)",703.1480466220872,9,,
Car 136,106.0,10,15,,,done,,done charging,703.6182147861975,,,361.3641772071867
Car 235,,10,15,,,start_charge,,starting to charge at Charger 15 (fid=10),703.6182147861975,,34.62509782416578,
Car 168,,,,,7,switch,,"Charger 7 (fid=2) not available, trying Charger 8 (fid=91)",703.7057357777397,8,,
Car 214,,,,,12,switch,,"Charger 12 (fid=7) not available, trying Charger 18 (fid=13)",704.0680858345264,18,,
Car 169,,,,,7,switch,,"Charger 7 (fid=2) not available, trying Charger 4 (fid=308108)",704.0872676877531,4,,
Car 246,,,,,17,switch,,"Charger 17 (fid=12) not available, trying Charger 12 (fid=7)",704.0965873892526,12,,
Car 240,,,,,1,switch,,"Charger 1 (fid=308702) not available, trying Charger 2 (fid=307904)",704.435877190223,2,,
Car 249,,,,,6,switch,,"Charger 6 (fid=1) not available, trying Charger 17 (fid=12)",704.4915715467487,17,,
Car 118,71.0,4,10,,,done,,done charging,704.5592738620694,,,484.94391240329384
Car 198,,4,10,,,start_charge,,starting to charge at Charger 10 (fid=4),704.5592738620694,,68.73533693726097,
Car 213,47.0,1,6,,,done,,done charging,704.594308144335,,,316.20382046513475
Car 208,,1,6,,,start_charge,,starting to charge at Charger 6 (fid=1),704.594308144335,,69.67757859182564,
Car 252,,,,,12,switch,,"Charger 12 (fid=7) not available, trying Charger 2 (fid=307904)",704.6213473521306,2,,
Car 210,96.0,9,14,,,done,,done charging,704.8640197223041,,,200.13849421509497
Car 248,,,,,13,switch,,"Charger 13 (fid=8) not available, trying Charger 1 (fid=308702)",704.8776345792539,1,,
Car 227,,9,14,,,start_charge,,starting to charge at Charger 14 (fid=9),705.1508305663114,,50.0,
Car 124,100.0,3,9,,,done,,done charging,705.3559140075465,,,723.452127739216
Car 215,,3,9,,,start_charge,,starting to charge at Charger 9 (fid=3),705.3559140075465,,67.27346543661429,
Car 257,,,,,7,switch,,"Charger 7 (fid=2) not available, trying Charger 4 (fid=308108)",705.6040011582909,4,,
Car 259,,,,37,,arrived,,arrived,706.0001958223045,,,
Car 212,,,,,13,switch,,"Charger 13 (fid=8) not available, trying Charger 15 (fid=10)",706.002717410283,15,,
Car 181,,,,,8,switch,,"Charger 8 (fid=91) not available, trying Charger 20 (fid=15)",706.1117803408905,20,,
Car 260,,,,29,,arrived,,arrived,706.2625285672045,,,
Car 189,,,,,7,switch,,"Charger 7 (fid=2) not available, trying Charger 4 (fid=308108)",706.4600290686507,4,,
Car 221,,,,,0,switch,,"Charger 0 (fid=308440) not available, trying Charger 9 (fid=3)",706.5063249559089,9,,
Car 222,,,,,12,switch,,"Charger 12 (fid=7) not available, trying Charger 1 (fid=308702)",706.6901433292527,1,,
Car 253,,,,,3,switch,,"Charger 3 (fid=307905) not available, trying Charger 6 (fid=1)",706.8357190608164,6,,
Car 164,,,,,8,switch,,"Charger 8 (fid=91) not available, trying Charger 20 (fid=15)",706.8385112751131,20,,
Car 175,,,,,1,switch,,"Charger 1 (fid=308702) not available, trying Charger 8 (fid=91)",706.9760619329295,8,,
Car 245,,,,,1,switch,,"Charger 1 (fid=308702) not available, trying Charger 14 (fid=9)",706.9992129711685,14,,
Car 190,,,,,8,switch,,"Charger 8 (fid=91) not available, trying Charger 10 (fid=4)",707.179633488283,10,,
Car 261,,,,37,,arrived,,arrived,707.2109629694007,,,
Car 203,,,,,13,switch,,"Charger 13 (fid=8) not available, trying Charger 15 (fid=10)",707.2252843275418,15,,
Car 223,,,,,10,switch,,"Charger 10 (fid=4) not available, trying Charger 12 (fid=7)",707.3776009593342,12,,
Car 250,,,,,4,switch,,"Charger 4 (fid=308108) not available, trying Charger 12 (fid=7)",707.4847428382483,12,,
Car 231,55.0,8,13,,,done,,done charging,707.755316976921,,,244.51614937031866
Car 163,,8,13,,,start_charge,,starting to charge at Charger 13 (fid=8),707.755316976921,,93.8607954889751,
Car 140,45.0,91,8,,,done,,done charging,707.7684281649265,,,650.050627565294
Car 168,,91,8,,,start_charge,,starting to charge at Charger 8 (fid=91),707.7684281649265,,102.23570120015802,
Car 149,,,,,,gave_up,18,"no alternate charger available, gave up",707.867651132419,,,
Car 174,85.0,12,17,,,done,,done charging,707.9177143025848,,,349.01661254872744
Car 219,,12,17,,,start_charge,,starting to charge at Charger 17 (fid=12),707.9177143025848,,58.663503397500904,
Car 258,,,,,1,switch,,"Charger 1 (fid=308702) not available, trying Charger 5 (fid=5)",707.9351995591803,5,,
Car 229,,,,,3,switch,,"Charger 3 (fid=307905) not available, trying Charger 10 (fid=4)",708.0141057592957,10,,
Car 159,,,,,,gave_up,20,"no alternate charger available, gave up",708.0314031442842,,,
Car 128,116.0,5,5,,,done,,done charging,708.1723313639578,,,400.77839472189993
Car 211,,,,,4,switch,,"Charger 4 (fid=308108) not available, trying Charger 15 (fid=10)",708.2314924890395,15,,
Car 254,,,,,0,switch,,"Charger 0 (fid=308440) not available, trying Charger 16 (fid=11)",708.3743651155746,16,,
Car 244,,,,,9,switch,,"Charger 9 (fid=3) not available, trying Charger 15 (fid=10)",709.0071067390842,15,,
Car 239,,,,,15,switch,,"Charger 15 (fid=10) not available, trying Charger 19 (fid=14)",709.0661500862569,19,,
Car 218,,,,,13,switch,,"Charger 13 (fid=8) not available, trying Charger 6 (fid=1)",709.1430962176453,6,,
Car 162,,,,,10,switch,,"Charger 10 (fid=4) not available, trying Charger 5 (fid=5)",709.4742242274797,5,,
Car 255,,,,,12,switch,,"Charger 12 (fid=7) not available, trying Charger 4 (fid=308108)",709.5264723550753,4,,
Car 193,,5,5,,,start_charge,,starting to charge at Charger 5 (fid=5),709.6348914451507,,75.0,
Car 135,107.0,2,7,,,done,,done charging,709.8328339165649,,,338.15068161091114
Car 209,,,,,13,switch,,"Charger 13 (fid=8) not available, trying Charger 15 (fid=10)",709.9033681269302,15,,
Car 251,,,,,6,switch,,"Charger 6 (fid=1) not available, trying Charger 2 (fid=307904)",710.1124326021129,2,,
Car 220,93.0,5,5,,,done,,done charging,710.3029400432368,,,148.86565000518124
Car 162,,5,5,,,start_charge,,starting to charge at Charger 5 (fid=5),710.3626242758677,,100.0,
Car 169,,,,,4,switch,,"Charger 4 (fid=308108) not available, trying Charger 20 (fid=15)",710.6900520877123,20,,
Car 262,,,,28,,arrived,,arrived,710.8542060673763,,,
Car 259,,,,,10,switch,,"Charger 10 (fid=4) not available, trying Charger 5 (fid=5)",711.0001958223045,5,,
Car 247,,,,,16,switch,,"Charger 16 (fid=11) not available, trying Charger 1 (fid=308702)",711.1432478326391,1,,
Car 224,,,,,14,switch,,"Charger 14 (fid=9) not available, trying Charger 10 (fid=4)",711.2444701687006,10,,
Car 173,,,,,,gave_up,20,"no alternate charger available, gave up",711.2573840341727,,,
Car 249,,,,,17,switch,,"Charger 17 (fid=12) not available, trying Charger 19 (fid=14)",711.2621578975386,19,,
Car 260,,,,,1,switch,,"Charger 1 (fid=308702) not available, trying Charger 18 (fid=13)",711.2625285672045,18,,
Car 206,53.0,13,18,,,done,,done charging,711.6538700663612,,,372.9981304642128
Car 263,,,,8,,arrived,,arrived,712.0515652775739,,,
Car 214,,13,18,,,start_charge,,starting to charge at Charger 18 (fid=13),712.1265219301513,,65.0,
Car 252,,,,,2,switch,,"Charger 2 (fid=307904) not available, trying Charger 3 (fid=307905)",712.2005397640205,3,,
Car 257,,,,,4,switch,,"Charger 4 (fid=308108) not available, trying Charger 8 (fid=91)",712.2067855582501,8,,
Car 261,,,,,10,switch,,"Charger 10 (fid=4) not available, trying Charger 5 (fid=5)",712.2109629694007,5,,
Car 246,,,,,12,switch,,"Charger 12 (fid=7) not available, trying Charger 7 (fid=2)",712.2565125906119,7,,
Car 212,,,,,15,switch,,"Charger 15 (fid=10) not available, trying Charger 12 (fid=7)",712.3817024648743,12,,
Car 201,,,,,13,switch,,"Charger 13 (fid=8) not available, trying Charger 0 (fid=308440)",712.4922672761445,0,,
Car 192,,,,,12,switch,,"Charger 12 (fid=7) not available, trying Charger 9 (fid=3)",712.8177001741436,9,,
Car 194,,,,,10,switch,,"Charger 10 (fid=4) not available, trying Charger 15 (fid=10)",712.8426201010928,15,,
Car 253,,,,,6,switch,,"Charger 6 (fid=1) not available, trying Charger 17 (fid=12)",713.0419094537577,17,,
Car 189,,,,,4,switch,,"Charger 4 (fid=308108) not available, trying Charger 8 (fid=91)",713.0628134686099,8,,
Car 236,,,,,2,switch,,"Charger 2 (fid=307904) not available, trying Charger 3 (fid=307905)",713.1499536964299,3,,
Car 203,,,,,15,switch,,"Charger 15 (fid=10) not available, trying Charger 12 (fid=7)",713.604269382133,12,,
Car 191,,,,,9,switch,,"Charger 9 (fid=3) not available, trying Charger 8 (fid=91)",713.9218041584934,8,,
Car 250,,,,,12,switch,,"Charger 12 (fid=7) not available, trying Charger 2 (fid=307904)",714.1470721736788,2,,
Car 205,,,,,15,switch,,"Charger 15 (fid=10) not available, trying Charger 13 (fid=8)",714.1960225979432,13,,
Car 199,,,,,12,switch,,"Charger 12 (fid=7) not available, trying Charger 4 (fid=308108)",714.35478797857,4,,
Car 246,,2,7,,,start_charge,,starting to charge at Charger 7 (fid=2),714.4407330560666,,25.0,
Car 264,,,,29,,arrived,,arrived,714.6844878353204,,,
Car 248,,,,,1,switch,,"Charger 1 (fid=308702) not available, trying Charger 14 (fid=9)",714.7267885032419,14,,
Car 265,,,,67,,arrived,,arrived,714.7674317251824,,,
Car 262,,,,,19,switch,,"Charger 19 (fid=14) not available, trying Charger 0 (fid=308440)",715.8542060673763,0,,
Car 240,,,,,2,switch,,"Charger 2 (fid=307904) not available, trying Charger 3 (fid=307905)",715.9236565683684,3,,
Car 181,,,,,,gave_up,20,"no alternate charger available, gave up",715.931629540267,,,
Car 255,,,,,4,switch,,"Charger 4 (fid=308108) not available, trying Charger 16 (fid=11)",716.1888016905058,16,,
Car 204,97.0,11,16,,,done,,done charging,716.2668592889199,,,383.16067106490345
Car 254,,11,16,,,start_charge,,starting to charge at Charger 16 (fid=11),716.2668592889199,,14.91664386870093,
Car 209,,,,,15,switch,,"Charger 15 (fid=10) not available, trying Charger 12 (fid=7)",716.2823531815214,12,,
Car 251,,,,,2,switch,,"Charger 2 (fid=307904) not available, trying Charger 3 (fid=307905)",716.3022861634335,3,,
Car 207,65.0,13,18,,,done,,done charging,716.3809656432474,,,430.4336331401615
Car 260,,13,18,,,start_charge,,starting to charge at Charger 18 (fid=13),716.3809656432474,,7.935246138182492,
Car 258,,,,,5,switch,,"Charger 5 (fid=5) not available, trying Charger 10 (fid=4)",716.4903129166003,10,,
Car 164,,,,,,gave_up,20,"no alternate charger available, gave up",716.6583604744895,,,
Car 259,,,,,5,switch,,"Charger 5 (fid=5) not available, trying Charger 14 (fid=9)",716.8885958706925,14,,
Car 245,,,,,14,switch,,"Charger 14 (fid=9) not available, trying Charger 16 (fid=11)",716.9204647064547,16,,
Car 263,,,,,13,switch,,"Charger 13 (fid=8) not available, trying Charger 15 (fid=10)",717.0515652775739,15,,
Car 252,,,,,3,switch,,"Charger 3 (fid=307905) not available, trying Charger 17 (fid=12)",717.4641659455846,17,,
Car 132,45.0,15,20,,,done,,done charging,717.7234415978481,,,627.548389932352
Car 169,,15,20,,,start_charge,,starting to charge at Charger 20 (fid=15),717.7234415978481,,102.7930969180021,
Car 261,,,,,5,switch,,"Charger 5 (fid=5) not available, trying Charger 14 (fid=9)",718.0993630177887,14,,
Car 221,,,,,9,switch,,"Charger 9 (fid=3) not available, trying Charger 14 (fid=9)",718.3297776235985,14,,
Car 236,,,,,3,switch,,"Charger 3 (fid=307905) not available, trying Charger 14 (fid=9)",718.4135798779939,14,,
Car 244,,,,,15,switch,,"Charger 15 (fid=10) not available, trying Charger 13 (fid=8)",718.6071306613435,13,,
Car 239,,,,,19,switch,,"Charger 19 (fid=14) not available, trying Charger 11 (fid=6)",719.0248751323021,11,,
Car 266,,,,62,,arrived,,arrived,719.1482854771386,,,
Car 222,,,,,1,switch,,"Charger 1 (fid=308702) not available, trying Charger 9 (fid=3)",719.1612788567586,9,,
Car 257,,,,,8,switch,,"Charger 8 (fid=91) not available, trying Charger 12 (fid=7)",719.4171972413311,12,,
Car 224,,,,,10,switch,,"Charger 10 (fid=4) not available, trying Charger 12 (fid=7)",719.5170514093617,12,,
Car 211,,,,,15,switch,,"Charger 15 (fid=10) not available, trying Charger 1 (fid=308702)",719.5705882196695,1,,
Car 264,,,,,19,switch,,"Charger 19 (fid=14) not available, trying Charger 0 (fid=308440)",719.6844878353204,0,,
Car 265,,,,,1,switch,,"Charger 1 (fid=308702) not available, trying Charger 16 (fid=11)",719.7674317251824,16,,
Car 223,,,,,12,switch,,"Charger 12 (fid=7) not available, trying Charger 5 (fid=5)",719.8008348859554,5,,
Car 253,,,,,17,switch,,"Charger 17 (fid=12) not available, trying Charger 0 (fid=308440)",719.8124958045477,0,,
Car 229,,,,,10,switch,,"Charger 10 (fid=4) not available, trying Charger 12 (fid=7)",719.9877518642143,12,,
Car 247,,,,,1,switch,,"Charger 1 (fid=308702) not available, trying Charger 11 (fid=6)",720.155715224483,11,,
Car 189,,,,,8,switch,,"Charger 8 (fid=91) not available, trying Charger 20 (fid=15)",720.2732251516909,20,,
Car 218,,,,,6,switch,,"Charger 6 (fid=1) not available, trying Charger 15 (fid=10)",720.5038457755534,15,,
Car 205,,,,,13,switch,,"Charger 13 (fid=8) not available, trying Charger 19 (fid=14)",720.5750076525344,19,,
Car 249,,,,,19,switch,,"Charger 19 (fid=14) not available, trying Charger 11 (fid=6)",720.6129786264479,11,,
Car 199,,,,,4,switch,,"Charger 4 (fid=308108) not available, trying Charger 17 (fid=12)",721.0171173140005,17,,
Car 194,,,,,15,switch,,"Charger 15 (fid=10) not available, trying Charger 7 (fid=2)",721.0742818731184,7,,
Car 175,,,,,8,switch,,"Charger 8 (fid=91) not available, trying Charger 18 (fid=13)",721.1281965094239,18,,
Car 240,,,,,3,switch,,"Charger 3 (fid=307905) not available, trying Charger 14 (fid=9)",721.1872827499325,14,,
Car 267,,,,8,,arrived,,arrived,721.2059996384091,,,
Car 268,,,,62,,arrived,,arrived,721.3902821855706,,,
Car 190,,,,,10,switch,,"Charger 10 (fid=4) not available, trying Charger 5 (fid=5)",721.420193368,5,,
Car 251,,,,,3,switch,,"Charger 3 (fid=307905) not available, trying Charger 12 (fid=7)",721.5659123449975,12,,
Car 250,,,,,2,switch,,"Charger 2 (fid=307904) not available, trying Charger 3 (fid=307905)",721.7262645855687,3,,
Car 258,,,,,10,switch,,"Charger 10 (fid=4) not available, trying Charger 18 (fid=13)",722.3787129649883,18,,
Car 262,,,,,0,switch,,"Charger 0 (fid=308440) not available, trying Charger 11 (fid=6)",722.4486005292414,11,,
Car 201,,,,,0,switch,,"Charger 0 (fid=308440) not available, trying Charger 10 (fid=4)",723.081903556907,10,,
Car 263,,,,,15,switch,,"Charger 15 (fid=10) not available, trying Charger 14 (fid=9)",723.4305503321651,14,,
Car 212,,,,,12,switch,,"Charger 12 (fid=7) not available, trying Charger 9 (fid=3)",723.5422038202801,9,,
Car 192,,,,,9,switch,,"Charger 9 (fid=3) not available, trying Charger 7 (fid=2)",723.5914577105498,7,,
Car 252,,,,,17,switch,,"Charger 17 (fid=12) not available, trying Charger 7 (fid=2)",723.6998395922313,7,,
Car 266,,,,,16,switch,,"Charger 16 (fid=11) not available, trying Charger 11 (fid=6)",724.1482854771386,11,,
Car 245,,,,,16,switch,,"Charger 16 (fid=11) not available, trying Charger 15 (fid=10)",724.4503872742873,15,,
Car 248,,,,,14,switch,,"Charger 14 (fid=9) not available, trying Charger 16 (fid=11)",724.6480402385281,16,,
Car 203,,,,,12,switch,,"Charger 12 (fid=7) not available, trying Charger 9 (fid=3)",724.7647707375388,9,,
Car 269,,,,26,,arrived,,arrived,724.9536066974495,,,
Car 244,,,,,13,switch,,"Charger 13 (fid=8) not available, trying Charger 19 (fid=14)",724.9861157159347,19,,
Car 259,,,,,14,switch,,"Charger 14 (fid=9) not available, trying Charger 16 (fid=11)",725.5420347789974,16,,
Car 270,,,,67,,arrived,,arrived,725.6080328272557,,,
Car 191,,,,,8,switch,,"Charger 8 (fid=91) not available, trying Charger 7 (fid=2)",726.0392175683919,7,,
Car 267,,,,,13,switch,,"Charger 13 (fid=8) not available, trying Charger 15 (fid=10)",726.2059996384091,15,,
Car 264,,,,,0,switch,,"Charger 0 (fid=308440) not available, trying Charger 11 (fid=6)",726.2788822971855,11,,
Car 255,,,,,16,switch,,"Charger 16 (fid=11) not available, trying Charger 2 (fid=307904)",726.3105713939474,2,,
Car 268,,,,,16,switch,,"Charger 16 (fid=11) not available, trying Charger 11 (fid=6)",726.3902821855706,11,,
Car 261,,,,,14,switch,,"Charger 14 (fid=9) not available, trying Charger 16 (fid=11)",726.7528019260936,16,,
Car 250,,,,,3,switch,,"Charger 3 (fid=307905) not available, trying Charger 6 (fid=1)",726.9898907671328,6,,
Car 271,,,,75,,arrived,,arrived,727.0094611519669,,,
Car 183,89.0,14,19,,,done,,done charging,727.1867303079847,,,435.61880449303834
Car 205,,14,19,,,start_charge,,starting to charge at Charger 19 (fid=14),727.1867303079847,,76.76800444239495,
Car 257,,,,,12,switch,,"Charger 12 (fid=7) not available, trying Charger 6 (fid=1)",727.2090449899075,6,,
Car 239,,,,,11,switch,,"Charger 11 (fid=6) not available, trying Charger 0 (fid=308440)",727.2356918860881,0,,
Car 190,,,,,5,switch,,"Charger 5 (fid=5) not available, trying Charger 0 (fid=308440)",727.308593416388,0,,
Car 221,,,,,14,switch,,"Charger 14 (fid=9) not available, trying Charger 15 (fid=10)",727.4175309248138,15,,
Car 209,,,,,12,switch,,"Charger 12 (fid=7) not available, trying Charger 9 (fid=3)",727.4428545369273,9,,
Car 200,98.0,11,16,,,done,,done charging,727.6523816097933,,,392.281687508579
Car 265,,11,16,,,start_charge,,starting to charge at Charger 16 (fid=11),727.6523816097933,,8.872482492767062,
Car 137,111.0,91,8,,,done,,done charging,727.9381833163853,,,511.3892616573467
Car 272,,,,1,,arrived,,arrived,727.9952848404944,,,
Car 273,,,,118,,arrived,,arrived,728.6362962463741,,,
Car 249,,,,,11,switch,,"Charger 11 (fid=6) not available, trying Charger 16 (fid=11)",728.823795380234,16,,
Car 251,,,,,12,switch,,"Charger 12 (fid=7) not available, trying Charger 17 (fid=12)",729.1614415885083,17,,
Car 236,,,,,14,switch,,"Charger 14 (fid=9) not available, trying Charger 10 (fid=4)",729.4981460133436,10,,
Car 274,,,,8,,arrived,,arrived,729.5079446654327,,,
Car 269,,,,,1,switch,,"Charger 1 (fid=308702) not available, trying Charger 18 (fid=13)",729.9536066974495,18,,
Car 263,,,,,14,switch,,"Charger 14 (fid=9) not available, trying Charger 10 (fid=4)",729.9654616883817,10,,
Car 189,,,,,,gave_up,20,"no alternate charger available, gave up",730.0930743510673,,,
Car 199,,,,,17,switch,,"Charger 17 (fid=12) not available, trying Charger 20 (fid=15)",730.1039831181013,20,,
Car 253,,,,,0,switch,,"Charger 0 (fid=308440) not available, trying Charger 12 (fid=7)",730.1210307685237,12,,
Car 211,,,,,1,switch,,"Charger 1 (fid=308702) not available, trying Charger 13 (fid=8)",730.1860990963106,13,,
Car 247,,,,,11,switch,,"Charger 11 (fid=6) not available, trying Charger 2 (fid=307904)",730.3728270656318,2,,
Car 270,,,,,1,switch,,"Charger 1 (fid=308702) not available, trying Charger 16 (fid=11)",730.6080328272557,16,,
Car 275,,,,87,,arrived,,arrived,730.6601224625258,,,
Car 275,,91,8,,,start_charge,,starting to charge at Charger 8 (fid=91),730.6601224625258,,0.0,
Car 276,,,,77,,arrived,,arrived,730.7805375738357,,,
Car 225,97.0,9,14,,,done,,done charging,730.9390343927274,,,274.3039722771939
Car 240,,9,14,,,start_charge,,starting to charge at Charger 14 (fid=9),730.9390343927274,,43.66718550744531,
Car 266,,,,,11,switch,,"Charger 11 (fid=6) not available, trying Charger 14 (fid=9)",731.3126816105919,14,,
Car 218,,,,,15,switch,,"Charger 15 (fid=10) not available, trying Charger 12 (fid=7)",731.5289773108834,12,,
Car 262,,,,,11,switch,,"Charger 11 (fid=6) not available, trying Charger 16 (fid=11)",731.6171315180942,16,,
Car 224,,,,,12,switch,,"Charger 12 (fid=7) not available, trying Charger 5 (fid=5)",731.9402853359828,5,,
Car 271,,,,,20,switch,,"Charger 20 (fid=15) not available, trying Charger 9 (fid=3)",732.0094611519669,9,,
Car 222,,,,,9,switch,,"Charger 9 (fid=3) not available, trying Charger 8 (fid=91)",732.0213486116478,8,,
Car 248,,,,,16,switch,,"Charger 16 (fid=11) not available, trying Charger 15 (fid=10)",732.1779628063607,15,,
Car 229,,,,,12,switch,,"Charger 12 (fid=7) not available, trying Charger 5 (fid=5)",732.4109857908354,5,,
Car 223,,,,,5,switch,,"Charger 5 (fid=5) not available, trying Charger 0 (fid=308440)",732.43006637958,0,,
Car 258,,,,,18,switch,,"Charger 18 (fid=13) not available, trying Charger 0 (fid=308440)",732.5459834708726,0,,
Car 252,,,,,7,switch,,"Charger 7 (fid=2) not available, trying Charger 4 (fid=308108)",732.57567720573,4,,
Car 267,,,,,15,switch,,"Charger 15 (fid=10) not available, trying Charger 14 (fid=9)",732.5849846930004,14,,
Car 245,,,,,15,switch,,"Charger 15 (fid=10) not available, trying Charger 19 (fid=14)",732.7586049637486,19,,
Car 191,,,,,7,switch,,"Charger 7 (fid=2) not available, trying Charger 4 (fid=308108)",732.8662087554206,4,,
Car 272,,,,,6,switch,,"Charger 6 (fid=1) not available, trying Charger 2 (fid=307904)",732.9952848404944,2,,
Car 259,,,,,16,switch,,"Charger 16 (fid=11) not available, trying Charger 13 (fid=8)",733.07195734683,13,,
Car 250,,,,,6,switch,,"Charger 6 (fid=1) not available, trying Charger 17 (fid=12)",733.1960811600742,17,,
Car 201,,,,,10,switch,,"Charger 10 (fid=4) not available, trying Charger 5 (fid=5)",733.4330893003707,5,,
Car 194,,,,,7,switch,,"Charger 7 (fid=2) not available, trying Charger 5 (fid=5)",733.4444818984982,5,,
Car 268,,,,,11,switch,,"Charger 11 (fid=6) not available, trying Charger 14 (fid=9)",733.5546783190239,14,,
Car 273,,,,,2,switch,,"Charger 2 (fid=307904) not available, trying Charger 3 (fid=307905)",733.6362962463741,3,,
Car 221,,,,,15,switch,,"Charger 15 (fid=10) not available, trying Charger 13 (fid=8)",733.9524422810304,13,,
Car 257,,,,,6,switch,,"Charger 6 (fid=1) not available, trying Charger 2 (fid=307904)",734.1334838781255,2,,
Car 261,,,,,16,switch,,"Charger 16 (fid=11) not available, trying Charger 13 (fid=8)",734.2827244939263,13,,
Car 212,,,,,9,switch,,"Charger 9 (fid=3) not available, trying Charger 8 (fid=91)",734.3159613566862,8,,
Car 274,,,,,13,switch,,"Charger 13 (fid=8) not available, trying Charger 15 (fid=10)",734.5079446654327,15,,
Car 244,,,,,19,switch,,"Charger 19 (fid=14) not available, trying Charger 6 (fid=1)",734.8298339289901,6,,
Car 175,,,,,,gave_up,18,"no alternate charger available, gave up",734.8435139373299,,,
Car 192,,,,,7,switch,,"Charger 7 (fid=2) not available, trying Charger 8 (fid=91)",735.1012438373266,8,,
Car 255,,,,,2,switch,,"Charger 2 (fid=307904) not available, trying Charger 3 (fid=307905)",735.1290300192244,3,,
Car 264,,,,,11,switch,,"Charger 11 (fid=6) not available, trying Charger 16 (fid=11)",735.4474132860383,16,,
Car 203,,,,,9,switch,,"Charger 9 (fid=3) not available, trying Charger 8 (fid=91)",735.538528273945,8,,
Car 276,,,,,6,switch,,"Charger 6 (fid=1) not available, trying Charger 12 (fid=7)",735.7805375738357,12,,
Car 196,85.0,6,11,,,done,,done charging,735.8375128876911,,,441.27099548708674
Car 233,49.0,10,15,,,done,,done charging,735.9642150573227,,,316.9761150101542
Car 248,,10,15,,,start_charge,,starting to charge at Charger 15 (fid=10),735.9642150573227,,30.47803456150075,
Car 249,,,,,16,switch,,"Charger 16 (fid=11) not available, trying Charger 0 (fid=308440)",735.9881915136872,0,,
Car 239,,,,,0,switch,,"Charger 0 (fid=308440) not available, trying Charger 18 (fid=13)",736.404222874941,18,,
Car 177,114.0,6,11,,,done,,done charging,737.00112858378,,,493.76704430350804
Car 269,,,,,18,switch,,"Charger 18 (fid=13) not available, trying Charger 5 (fid=5)",737.1367976353098,5,,
Car 251,,,,,17,switch,,"Charger 17 (fid=12) not available, trying Charger 19 (fid=14)",737.3213667898676,19,,
Car 236,,,,,10,switch,,"Charger 10 (fid=4) not available, trying Charger 6 (fid=1)",737.7707272540047,6,,
Car 190,,,,,0,switch,,"Charger 0 (fid=308440) not available, trying Charger 1 (fid=308702)",737.8657767268552,1,,
Car 277,,,,33,,arrived,,arrived,738.0348085835357,,,
Car 209,,,,,9,switch,,"Charger 9 (fid=3) not available, trying Charger 8 (fid=91)",738.2166120733334,8,,
Car 263,,,,,10,switch,,"Charger 10 (fid=4) not available, trying Charger 5 (fid=5)",738.2380429290428,5,,
Car 247,,,,,2,switch,,"Charger 2 (fid=307904) not available, trying Charger 3 (fid=307905)",738.6975113040912,3,,
Car 241,59.0,308440,0,,,done,,done charging,738.746842208773,,,186.2715086920258
Car 258,,308440,0,,,start_charge,,starting to charge at Charger 0 (fid=308440),738.746842208773,,23.973665518598523,
Car 262,,,,,16,switch,,"Charger 16 (fid=11) not available, trying Charger 2 (fid=307904)",738.7815276515474,2,,
Car 273,,,,,3,switch,,"Charger 3 (fid=307905) not available, trying Charger 6 (fid=1)",738.8999224279381,6,,
Car 267,,,,,14,switch,,"Charger 14 (fid=9) not available, trying Charger 10 (fid=4)",739.1198960492169,10,,
Car 252,,,,,4,switch,,"Charger 4 (fid=308108) not available, trying Charger 11 (fid=6)",739.1784616056892,11,,
Car 272,,,,,2,switch,,"Charger 2 (fid=307904) not available, trying Charger 3 (fid=307905)",739.1851384018149,3,,
Car 201,,,,,5,switch,,"Charger 5 (fid=5) not available, trying Charger 1 (fid=308702)",739.3214893487587,1,,
Car 202,45.0,307904,2,,,done,,done charging,739.401131557588,,,468.96080226857913
Car 257,,307904,2,,,start_charge,,starting to charge at Charger 2 (fid=307904),739.401131557588,,29.077794118141924,
Car 191,,,,,4,switch,,"Charger 4 (fid=308108) not available, trying Charger 20 (fid=15)",739.4689931553798,20,,
Car 278,,,,60,,arrived,,arrived,739.6003510838551,,,
Car 270,,,,,16,switch,,"Charger 16 (fid=11) not available, trying Charger 10 (fid=4)",739.6205002190995,10,,
Car 250,,,,,17,switch,,"Charger 17 (fid=12) not available, trying Charger 20 (fid=15)",739.9666675108641,20,,
Car 211,,,,,13,switch,,"Charger 13 (fid=8) not available, trying Charger 10 (fid=4)",740.0352530202986,10,,
Car 221,,,,,13,switch,,"Charger 13 (fid=8) not available, trying Charger 18 (fid=13)",740.3314273356216,18,,
Car 255,,,,,3,switch,,"Charger 3 (fid=307905) not available, trying Charger 20 (fid=15)",740.3926562007885,20,,
Car 271,,,,,9,switch,,"Charger 9 (fid=3) not available, trying Charger 12 (fid=7)",740.4409864039533,12,,
Car 266,,,,,14,switch,,"Charger 14 (fid=9) not available, trying Charger 9 (fid=3)",740.7286146081424,9,,
Car 274,,,,,15,switch,,"Charger 15 (fid=10) not available, trying Charger 14 (fid=9)",740.8869297200239,14,,
Car 199,,,,,20,switch,,"Charger 20 (fid=15) not available, trying Charger 7 (fid=2)",740.972513224202,7,,
Car 279,,,,17,,arrived,,arrived,741.0264514423758,,,
Car 232,85.0,8,13,,,done,,done charging,741.454470469594,,,205.35989145371917
Car 259,,8,13,,,start_charge,,starting to charge at Charger 13 (fid=8),741.454470469594,,24.973362837267928,
Car 253,,,,,12,switch,,"Charger 12 (fid=7) not available, trying Charger 19 (fid=14)",741.5555492088301,19,,
Car 192,,,,,8,switch,,"Charger 8 (fid=91) not available, trying Charger 4 (fid=308108)",741.9282350243553,4,,
Car 280,,,,66,,arrived,,arrived,742.3192893851491,,,
Car 264,,,,,16,switch,,"Charger 16 (fid=11) not available, trying Charger 2 (fid=307904)",742.6118094194916,2,,
Car 218,,,,,12,switch,,"Charger 12 (fid=7) not available, trying Charger 17 (fid=12)",742.6894786662892,17,,
Car 261,,,,,13,switch,,"Charger 13 (fid=8) not available, trying Charger 1 (fid=308702)",742.6918747794223,1,,
Car 276,,,,,12,switch,,"Charger 12 (fid=7) not available, trying Charger 4 (fid=308108)",742.7049764620537,4,,
Car 245,,,,,19,switch,,"Charger 19 (fid=14) not available, trying Charger 18 (fid=13)",742.7173300097937,18,,
Car 268,,,,,14,switch,,"Charger 14 (fid=9) not available, trying Charger 9 (fid=3)",742.9706113165744,9,,
Car 223,,,,,0,switch,,"Charger 0 (fid=308440) not available, trying Charger 4 (fid=308108)",742.9872496900472,4,,
Car 277,,,,,19,switch,,"Charger 19 (fid=14) not available, trying Charger 0 (fid=308440)",743.0348085835357,0,,
Car 239,,,,,18,switch,,"Charger 18 (fid=13) not available, trying Charger 9 (fid=3)",743.6314160942429,9,,
Car 247,,,,,3,switch,,"Charger 3 (fid=307905) not available, trying Charger 14 (fid=9)",743.9611374856553,14,,
Car 249,,,,,0,switch,,"Charger 0 (fid=308440) not available, trying Charger 12 (fid=7)",743.9640418183316,12,,
Car 252,,6,11,,,start_charge,,starting to charge at Charger 11 (fid=6),744.0435987442884,,35.0,
Car 263,,,,,5,switch,,"Charger 5 (fid=5) not available, trying Charger 16 (fid=11)",744.1264429774308,16,,
Car 222,,,,,8,switch,,"Charger 8 (fid=91) not available, trying Charger 15 (fid=10)",744.1387620215463,15,,
Car 244,,,,,6,switch,,"Charger 6 (fid=1) not available, trying Charger 2 (fid=307904)",744.1511714041939,2,,
Car 281,,,,15,,arrived,,arrived,744.1528467740188,,,
Car 272,,,,,3,switch,,"Charger 3 (fid=307905) not available, trying Charger 17 (fid=12)",744.448764583379,17,,
Car 243,54.0,308108,4,,,done,,done charging,744.5009162999315,,,190.81237011260845
Car 192,,308108,4,,,start_charge,,starting to charge at Charger 4 (fid=308108),744.5009162999315,,95.36226959249518,
Car 224,,,,,5,switch,,"Charger 5 (fid=5) not available, trying Charger 13 (fid=8)",744.5695168296074,13,,
Car 278,,,,,16,switch,,"Charger 16 (fid=11) not available, trying Charger 11 (fid=6)",744.6003510838551,11,,
Car 229,,,,,5,switch,,"Charger 5 (fid=5) not available, trying Charger 0 (fid=308440)",745.04021728446,0,,
Car 273,,,,,6,switch,,"Charger 6 (fid=1) not available, trying Charger 17 (fid=12)",745.1061128208795,17,,
Car 190,,,,,1,switch,,"Charger 1 (fid=308702) not available, trying Charger 18 (fid=13)",745.9762293542536,18,,
Car 279,,,,,1,switch,,"Charger 1 (fid=308702) not available, trying Charger 18 (fid=13)",746.0264514423758,18,,
Car 212,,,,,8,switch,,"Charger 8 (fid=91) not available, trying Charger 7 (fid=2)",746.4333747665847,7,,
Car 251,,,,,19,switch,,"Charger 19 (fid=14) not available, trying Charger 7 (fid=2)",746.6721875187769,7,,
Car 278,,6,11,,,start_charge,,starting to charge at Charger 11 (fid=6),746.7647472173084,,5.0,
Car 194,,,,,5,switch,,"Charger 5 (fid=5) not available, trying Charger 13 (fid=8)",746.9373606989809,13,,
Car 280,,,,,15,switch,,"Charger 15 (fid=10) not available, trying Charger 14 (fid=9)",747.3192893851491,14,,
Car 267,,,,,10,switch,,"Charger 10 (fid=4) not available, trying Charger 5 (fid=5)",747.392477289878,5,,
Car 274,,,,,14,switch,,"Charger 14 (fid=9) not available, trying Charger 10 (fid=4)",747.4218410762404,10,,
Car 211,,,,,10,switch,,"Charger 10 (fid=4) not available, trying Charger 5 (fid=5)",747.5005578396709,5,,
Car 269,,,,,5,switch,,"Charger 5 (fid=5) not available, trying Charger 10 (fid=4)",747.5100657081974,10,,
Car 262,,,,,2,switch,,"Charger 2 (fid=307904) not available, trying Charger 3 (fid=307905)",747.5999862768244,3,,
Car 203,,,,,8,switch,,"Charger 8 (fid=91) not available, trying Charger 7 (fid=2)",747.6559416838435,7,,
Car 201,,,,,1,switch,,"Charger 1 (fid=308702) not available, trying Charger 18 (fid=13)",747.8766027061787,18,,
Car 270,,,,,10,switch,,"Charger 10 (fid=4) not available, trying Charger 19 (fid=14)",748.0725305575711,19,,
Car 191,,,,,,gave_up,20,"no alternate charger available, gave up",748.7092857475136,,,
Car 281,,,,,20,switch,,"Charger 20 (fid=15) not available, trying Charger 9 (fid=3)",749.1528467740188,9,,
Car 276,,,,,4,switch,,"Charger 4 (fid=308108) not available, trying Charger 16 (fid=11)",749.3673057974842,16,,
Car 277,,,,,0,switch,,"Charger 0 (fid=308440) not available, trying Charger 16 (fid=11)",749.6292030454008,16,,
Car 236,,,,,6,switch,,"Charger 6 (fid=1) not available, trying Charger 17 (fid=12)",749.7084224700436,17,,
Car 282,,,,74,,arrived,,arrived,749.7144652877782,,,
Car 266,,,,,9,switch,,"Charger 9 (fid=3) not available, trying Charger 15 (fid=10)",749.8163679093577,15,,
Car 199,,,,,7,switch,,"Charger 7 (fid=2) not available, trying Charger 8 (fid=91)",750.1847351404567,8,,
Car 209,,,,,8,switch,,"Charger 8 (fid=91) not available, trying Charger 7 (fid=2)",750.3340254832319,7,,
Car 244,,,,,2,switch,,"Charger 2 (fid=307904) not available, trying Charger 3 (fid=307905)",750.3410249655144,3,,
Car 272,,,,,17,switch,,"Charger 17 (fid=12) not available, trying Charger 12 (fid=7)",750.6844382300258,12,,
Car 255,,,,,20,switch,,"Charger 20 (fid=15) not available, trying Charger 14 (fid=9)",750.6967903490405,14,,
Car 250,,,,,20,switch,,"Charger 20 (fid=15) not available, trying Charger 11 (fid=6)",750.8351976169648,11,,
Car 218,,,,,17,switch,,"Charger 17 (fid=12) not available, trying Charger 9 (fid=3)",750.8494038676486,9,,
Car 245,,,,,18,switch,,"Charger 18 (fid=13) not available, trying Charger 11 (fid=6)",750.9356421269773,11,,
Car 271,,,,,12,switch,,"Charger 12 (fid=7) not available, trying Charger 7 (fid=2)",751.2147439403594,7,,
Car 184,84.0,308702,1,,,done,,done charging,751.2401341949845,,,552.9612720298861
Car 261,,308702,1,,,start_charge,,starting to charge at Charger 1 (fid=308702),751.2401341949845,,28.6991054915743,
Car 264,,,,,2,switch,,"Charger 2 (fid=307904) not available, trying Charger 3 (fid=307905)",751.4302680447686,3,,
Car 273,,,,,17,switch,,"Charger 17 (fid=12) not available, trying Charger 0 (fid=308440)",751.8766991716694,0,,
Car 221,,,,,18,switch,,"Charger 18 (fid=13) not available, trying Charger 1 (fid=308702)",751.9987359750774,1,,
Car 268,,,,,9,switch,,"Charger 9 (fid=3) not available, trying Charger 15 (fid=10)",752.0583646177897,15,,
Car 253,,,,,19,switch,,"Charger 19 (fid=14) not available, trying Charger 11 (fid=6)",752.0927879879414,11,,
Car 224,,,,,13,switch,,"Charger 13 (fid=8) not available, trying Charger 15 (fid=10)",752.5048847692271,15,,
Car 228,120.0,14,19,,,done,,done charging,752.6792363672964,,,65.59748458020216
Car 270,,14,19,,,start_charge,,starting to charge at Charger 19 (fid=14),752.6792363672964,,15.001438133968804,
Car 263,,,,,16,switch,,"Charger 16 (fid=11) not available, trying Charger 19 (fid=14)",752.7844708829058,19,,
Car 262,,,,,3,switch,,"Charger 3 (fid=307905) not available, trying Charger 6 (fid=1)",752.8636124583885,6,,
Car 190,,,,,,gave_up,18,"no alternate charger available, gave up",753.159420292114,,,
Car 279,,,,,18,switch,,"Charger 18 (fid=13) not available, trying Charger 0 (fid=308440)",753.2096423802361,0,,
Car 212,,,,,7,switch,,"Charger 7 (fid=2) not available, trying Charger 4 (fid=308108)",753.2603659536135,4,,
Car 267,,,,,5,switch,,"Charger 5 (fid=5) not available, trying Charger 16 (fid=11)",753.280877338266,16,,
Car 211,,,,,5,switch,,"Charger 5 (fid=5) not available, trying Charger 20 (fid=15)",753.3889578880589,20,,
Car 269,,,,,10,switch,,"Charger 10 (fid=4) not available, trying Charger 0 (fid=308440)",753.3984657565854,0,,
Car 179,91.0,2,7,,,done,,done charging,753.4124155612138,,,425.97907323848165
Car 203,,2,7,,,start_charge,,starting to charge at Charger 7 (fid=2),753.4124155612138,,93.92948269034162,
Car 280,,,,,14,switch,,"Charger 14 (fid=9) not available, trying Charger 9 (fid=3)",753.8542007413656,9,,
Car 283,,,,67,,arrived,,arrived,754.4318689372467,,,
Car 284,,,,4,,arrived,,arrived,754.5589487823374,,,
Car 282,,,,,2,switch,,"Charger 2 (fid=307904) not available, trying Charger 3 (fid=307905)",754.7144652877782,3,,
Car 194,,,,,13,switch,,"Charger 13 (fid=8) not available, trying Charger 4 (fid=308108)",754.8727286386006,4,,
Car 247,,,,,14,switch,,"Charger 14 (fid=9) not available, trying Charger 6 (fid=1)",755.0457036210049,6,,
Car 285,,,,63,,arrived,,arrived,755.050128394531,,,
Car 201,,,,,,gave_up,18,"no alternate charger available, gave up",755.059793644039,,,
Car 223,,,,,4,switch,,"Charger 4 (fid=308108) not available, trying Charger 20 (fid=15)",755.348708733095,20,,
Car 249,,,,,12,switch,,"Charger 12 (fid=7) not available, trying Charger 8 (fid=91)",755.398560258638,8,,
Car 229,,,,,0,switch,,"Charger 0 (fid=308440) not available, trying Charger 4 (fid=308108)",755.5974005949272,4,,
Car 244,,,,,3,switch,,"Charger 3 (fid=307905) not available, trying Charger 10 (fid=4)",755.6046511470785,10,,
Car 274,,,,,10,switch,,"Charger 10 (fid=4) not available, trying Charger 5 (fid=5)",755.6944223169015,5,,
Car 236,,,,,17,switch,,"Charger 17 (fid=12) not available, trying Charger 5 (fid=5)",756.4790088208335,5,,
Car 178,116.0,7,12,,,done,,done charging,756.6407376929485,,,356.1237088987947
Car 272,,7,12,,,start_charge,,starting to charge at Charger 12 (fid=7),756.6407376929485,,22.796374261563415,
Car 264,,,,,3,switch,,"Charger 3 (fid=307905) not available, trying Charger 6 (fid=1)",756.6938942263326,6,,
Car 199,,,,,,gave_up,8,"no alternate charger available, gave up",757.0117263274855,,,
Car 286,,,,117,,arrived,,arrived,757.0720181405591,,,
Car 239,,,,,9,switch,,"Charger 9 (fid=3) not available, trying Charger 6 (fid=1)",757.078786417251,6,,
Car 222,,,,,15,switch,,"Charger 15 (fid=10) not available, trying Charger 7 (fid=2)",757.1165893300479,7,,
Car 209,,,,,7,switch,,"Charger 7 (fid=2) not available, trying Charger 4 (fid=308108)",757.1610166702607,4,,
Car 287,,,,15,,arrived,,arrived,757.2498017027548,,,
Car 281,,,,,9,switch,,"Charger 9 (fid=3) not available, trying Charger 12 (fid=7)",757.5843720260052,12,,
Car 277,,,,,16,switch,,"Charger 16 (fid=11) not available, trying Charger 11 (fid=6)",757.6050533500452,11,,
Car 251,,,,,7,switch,,"Charger 7 (fid=2) not available, trying Charger 4 (fid=308108)",757.9370992681744,4,,
Car 271,,,,,7,switch,,"Charger 7 (fid=2) not available, trying Charger 4 (fid=308108)",758.3989644058141,4,,
Car 224,,,,,15,switch,,"Charger 15 (fid=10) not available, trying Charger 9 (fid=3)",758.8838698238184,9,,
Car 262,,,,,6,switch,,"Charger 6 (fid=1) not available, trying Charger 17 (fid=12)",759.0698028513299,17,,
Car 288,,,,4,,arrived,,arrived,759.0933642443108,,,
Car 221,,,,,1,switch,,"Charger 1 (fid=308702) not available, trying Charger 10 (fid=4)",759.1819269129377,10,,
Car 289,,,,29,,arrived,,arrived,759.2551554911853,,,
Car 266,,,,,15,switch,,"Charger 15 (fid=10) not available, trying Charger 13 (fid=8)",759.416391831617,13,,
Car 283,,,,,1,switch,,"Charger 1 (fid=308702) not available, trying Charger 16 (fid=11)",759.4318689372467,16,,
Car 276,,,,,16,switch,,"Charger 16 (fid=11) not available, trying Charger 2 (fid=307904)",759.4890755009258,2,,
Car 284,,,,,11,switch,,"Charger 11 (fid=6) not available, trying Charger 16 (fid=11)",759.5589487823374,16,,
Car 212,,,,,4,switch,,"Charger 4 (fid=308108) not available, trying Charger 20 (fid=15)",759.8631503535727,20,,
Car 234,112.0,15,20,,,done,,done charging,759.9009322337618,,,222.1114232837758
Car 223,,15,20,,,start_charge,,starting to charge at Charger 20 (fid=15),759.9009322337618,,75.31193090853299,
Car 282,,,,,3,switch,,"Charger 3 (fid=307905) not available, trying Charger 6 (fid=1)",759.9780914693423,6,,
Car 263,,,,,19,switch,,"Charger 19 (fid=14) not available, trying Charger 1 (fid=308702)",760.014403119843,1,,
Car 285,,,,,10,switch,,"Charger 10 (fid=4) not available, trying Charger 5 (fid=5)",760.050128394531,5,,
Car 180,94.0,308440,0,,,done,,done charging,760.1061334768685,,,364.3446424558129
Car 279,,308440,0,,,start_charge,,starting to charge at Charger 0 (fid=308440),760.1061334768685,,14.66929787733045,
Car 253,,,,,11,switch,,"Charger 11 (fid=6) not available, trying Charger 8 (fid=91)",760.3036047417274,8,,
Car 217,115.0,308108,4,,,done,,done charging,760.3432636928204,,,237.51991159692324
Car 209,,308108,4,,,start_charge,,starting to charge at Charger 4 (fid=308108),760.3432636928204,,96.57946262260054,
Car 290,,,,67,,arrived,,arrived,760.523790964332,,,
Car 250,,,,,11,switch,,"Charger 11 (fid=6) not available, trying Charger 19 (fid=14)",761.5636364182546,19,,
Car 274,,,,,5,switch,,"Charger 5 (fid=5) not available, trying Charger 16 (fid=11)",761.5828223652895,16,,
Car 268,,,,,15,switch,,"Charger 15 (fid=10) not available, trying Charger 13 (fid=8)",761.658388540049,13,,
Car 245,,,,,11,switch,,"Charger 11 (fid=6) not available, trying Charger 0 (fid=308440)",761.740054536245,0,,
Car 255,,,,,14,switch,,"Charger 14 (fid=9) not available, trying Charger 11 (fid=6)",761.8658281584495,11,,
Car 267,,,,,16,switch,,"Charger 16 (fid=11) not available, trying Charger 19 (fid=14)",761.938905243741,19,,
Car 286,,,,,2,switch,,"Charger 2 (fid=307904) not available, trying Charger 3 (fid=307905)",762.0720181405591,3,,
Car 273,,,,,0,switch,,"Charger 0 (fid=308440) not available, trying Charger 19 (fid=14)",762.1852341356455,19,,
Car 287,,,,,19,switch,,"Charger 19 (fid=14) not available, trying Charger 0 (fid=308440)",762.2498017027548,0,,
Car 264,,,,,6,switch,,"Charger 6 (fid=1) not available, trying Charger 17 (fid=12)",762.900084619274,17,,
Car 218,,,,,9,switch,,"Charger 9 (fid=3) not available, trying Charger 7 (fid=2)",762.9188563305102,7,,
Car 280,,,,,9,switch,,"Charger 9 (fid=3) not available, trying Charger 13 (fid=8)",762.941954042581,13,,
Car 249,,,,,8,switch,,"Charger 8 (fid=91) not available, trying Charger 7 (fid=2)",763.1904080072144,7,,
Car 246,49.0,2,7,,,done,,done charging,763.4407330560666,,,219.941263319766
Car 269,,,,,0,switch,,"Charger 0 (fid=308440) not available, trying Charger 19 (fid=14)",763.7496515000491,19,,
Car 288,,,,,11,switch,,"Charger 11 (fid=6) not available, trying Charger 16 (fid=11)",764.0933642443108,16,,
Car 289,,,,,1,switch,,"Charger 1 (fid=308702) not available, trying Charger 18 (fid=13)",764.2551554911853,18,,
Car 215,59.0,3,9,,,done,,done charging,764.3559140075465,,,602.7970233559715
Car 224,,3,9,,,start_charge,,starting to charge at Charger 9 (fid=3),764.3559140075465,,80.87202026146883,
Car 162,54.0,5,5,,,done,,done charging,764.3626242758677,,,811.6398262402171
Car 285,,5,5,,,start_charge,,starting to charge at Charger 5 (fid=5),764.3626242758677,,8.424095832948638,
Car 222,,2,7,,,start_charge,,starting to charge at Charger 7 (fid=2),764.4867893554277,,75.0,
Car 251,,,,,4,switch,,"Charger 4 (fid=308108) not available, trying Charger 14 (fid=9)",764.5398836681336,14,,
Car 291,,,,71,,arrived,,arrived,764.7121007243568,,,
Car 277,,,,,11,switch,,"Charger 11 (fid=6) not available, trying Charger 2 (fid=307904)",764.7694494834984,2,,
Car 271,,,,,4,switch,,"Charger 4 (fid=308108) not available, trying Charger 6 (fid=1)",765.0017488057733,6,,
Car 290,,,,,1,switch,,"Charger 1 (fid=308702) not available, trying Charger 16 (fid=11)",765.523790964332,16,,
Car 247,,,,,6,switch,,"Charger 6 (fid=1) not available, trying Charger 17 (fid=12)",765.5250152822608,17,,
Car 292,,,,9,,arrived,,arrived,765.6151140894175,,,
Car 266,,,,,13,switch,,"Charger 13 (fid=8) not available, trying Charger 19 (fid=14)",765.7953768862083,19,,
Car 262,,,,,17,switch,,"Charger 17 (fid=12) not available, trying Charger 18 (fid=13)",765.8403892021198,18,,
Car 282,,,,,6,switch,,"Charger 6 (fid=1) not available, trying Charger 17 (fid=12)",766.1842818622837,17,,
Car 194,,,,,4,switch,,"Charger 4 (fid=308108) not available, trying Charger 20 (fid=15)",766.5474423918087,20,,
Car 211,,,,,20,switch,,"Charger 20 (fid=15) not available, trying Charger 8 (fid=91)",766.6169591476437,8,,
Car 284,,,,,16,switch,,"Charger 16 (fid=11) not available, trying Charger 6 (fid=1)",766.7233449157907,6,,
Car 163,59.0,8,13,,,done,,done charging,766.755316976921,,,469.36711346384203
Car 268,,8,13,,,start_charge,,starting to charge at Charger 13 (fid=8),766.755316976921,,28.717943382280737,
Car 286,,,,,3,switch,,"Charger 3 (fid=307905) not available, trying Charger 6 (fid=1)",767.3356443221231,6,,
Car 221,,,,,10,switch,,"Charger 10 (fid=4) not available, trying Charger 5 (fid=5)",767.5310427033543,5,,
Car 244,,,,,10,switch,,"Charger 10 (fid=4) not available, trying Charger 12 (fid=7)",767.578297251997,12,,
Car 239,,,,,6,switch,,"Charger 6 (fid=1) not available, trying Charger 2 (fid=307904)",767.9127525669713,2,,
Car 229,,,,,4,switch,,"Charger 4 (fid=308108) not available, trying Charger 20 (fid=15)",767.958859637975,20,,
Car 293,,,,77,,arrived,,arrived,768.0662679787067,,,
Car 176,77.0,3,9,,,done,,done charging,768.0964560844559,,,439.9363796950322
Car 276,,,,,2,switch,,"Charger 2 (fid=307904) not available, trying Charger 3 (fid=307905)",768.3075341262028,3,,
Car 281,,,,,12,switch,,"Charger 12 (fid=7) not available, trying Charger 7 (fid=2)",768.3581295624114,7,,
Car 294,,,,51,,arrived,,arrived,768.4350079951714,,,
Car 283,,,,,16,switch,,"Charger 16 (fid=11) not available, trying Charger 10 (fid=4)",768.4443363290906,10,,
Car 295,,,,52,,arrived,,arrived,768.5413355926204,,,
Car 273,,,,,19,switch,,"Charger 19 (fid=14) not available, trying Charger 12 (fid=7)",768.7796285975106,12,,
Car 287,,,,,0,switch,,"Charger 0 (fid=308440) not available, trying Charger 11 (fid=6)",768.8441961646199,11,,
Car 212,,,,,,gave_up,20,"no alternate charger available, gave up",769.1034429457064,,,
Car 263,,,,,1,switch,,"Charger 1 (fid=308702) not available, trying Charger 9 (fid=3)",769.115974645123,9,,
Car 267,,,,,19,switch,,"Charger 19 (fid=14) not available, trying Charger 1 (fid=308702)",769.1688374806782,1,,
Car 236,,,,,5,switch,,"Charger 5 (fid=5) not available, trying Charger 13 (fid=8)",769.6143631262174,13,,
Car 264,,,,,17,switch,,"Charger 17 (fid=12) not available, trying Charger 18 (fid=13)",769.670670970064,18,,
Car 291,,,,,19,switch,,"Charger 19 (fid=14) not available, trying Charger 0 (fid=308440)",769.7121007243568,0,,
Car 250,,,,,19,switch,,"Charger 19 (fid=14) not available, trying Charger 16 (fid=11)",769.7744531720407,16,,
Car 296,,,,37,,arrived,,arrived,769.7864368954487,,,
Car 297,,,,86,,arrived,,arrived,769.8757725925433,,,
Car 249,,,,,7,switch,,"Charger 7 (fid=2) not available, trying Charger 4 (fid=308108)",770.0173991942431,4,,
Car 274,,,,,16,switch,,"Charger 16 (fid=11) not available, trying Charger 19 (fid=14)",770.2408502707646,19,,
Car 269,,,,,19,switch,,"Charger 19 (fid=14) not available, trying Charger 16 (fid=11)",770.3440459619143,16,,
Car 292,,,,,14,switch,,"Charger 14 (fid=9) not available, trying Charger 13 (fid=8)",770.6151140894175,13,,
Car 245,,,,,0,switch,,"Charger 0 (fid=308440) not available, trying Charger 9 (fid=3)",770.9085855250978,9,,
Car 253,,,,,8,switch,,"Charger 8 (fid=91) not available, trying Charger 16 (fid=11)",771.0490175316568,16,,
Car 288,,,,,16,switch,,"Charger 16 (fid=11) not available, trying Charger 6 (fid=1)",771.257760377764,6,,
Car 255,,,,,11,switch,,"Charger 11 (fid=6) not available, trying Charger 9 (fid=3)",771.281761156,9,,
Car 289,,,,,18,switch,,"Charger 18 (fid=13) not available, trying Charger 0 (fid=308440)",771.4383464290456,0,,
Car 247,,,,,17,switch,,"Charger 17 (fid=12) not available, trying Charger 10 (fid=4)",772.2956016330508,10,,
Car 271,,,,,6,switch,,"Charger 6 (fid=1) not available, trying Charger 8 (fid=91)",772.8531282967328,8,,
Car 280,,,,,13,switch,,"Charger 13 (fid=8) not available, trying Charger 16 (fid=11)",772.9111452404485,16,,
Car 282,,,,,17,switch,,"Charger 17 (fid=12) not available, trying Charger 0 (fid=308440)",772.9548682130736,0,,
Car 293,,,,,6,switch,,"Charger 6 (fid=1) not available, trying Charger 12 (fid=7)",773.0662679787067,12,,
Car 277,,,,,2,switch,,"Charger 2 (fid=307904) not available, trying Charger 3 (fid=307905)",773.0941337219579,3,,
Car 221,,,,,,gave_up,5,"no alternate charger available, gave up",773.4194427517423,,,
Car 294,,,,,20,switch,,"Charger 20 (fid=15) not available, trying Charger 12 (fid=7)",773.4350079951714,12,,
Car 295,,,,,6,switch,,"Charger 6 (fid=1) not available, trying Charger 12 (fid=7)",773.5413355926204,12,,
Car 286,,,,,6,switch,,"Charger 6 (fid=1) not available, trying Charger 17 (fid=12)",773.5418347150645,17,,
Car 276,,,,,3,switch,,"Charger 3 (fid=307905) not available, trying Charger 20 (fid=15)",773.5711603077668,20,,
Car 239,,,,,2,switch,,"Charger 2 (fid=307904) not available, trying Charger 3 (fid=307905)",774.1026061282919,3,,
Car 298,,,,16,,arrived,,arrived,774.1147979823606,,,
Car 186,106.0,1,6,,,done,,done charging,774.1250942424127,,,595.0696088274275
Car 284,,1,6,,,start_charge,,starting to charge at Charger 6 (fid=1),774.1250942424127,,13.6441143463054,
Car 218,,,,,7,switch,,"Charger 7 (fid=2) not available, trying Charger 4 (fid=308108)",774.428642457287,4,,
Car 290,,,,,16,switch,,"Charger 16 (fid=11) not available, trying Charger 10 (fid=4)",774.5362583561758,10,,
Car 238,76.0,12,17,,,done,,done charging,774.6059758069705,,,281.51617332817716
Car 296,,,,,10,switch,,"Charger 10 (fid=4) not available, trying Charger 5 (fid=5)",774.7864368954487,5,,
Car 297,,,,,8,switch,,"Charger 8 (fid=91) not available, trying Charger 7 (fid=2)",774.8757725925433,7,,
Car 286,,12,17,,,start_charge,,starting to charge at Charger 17 (fid=12),775.3124210658544,,15.0,
Car 251,,,,,14,switch,,"Charger 14 (fid=9) not available, trying Charger 0 (fid=308440)",775.3331595246894,0,,
Car 281,,,,,7,switch,,"Charger 7 (fid=2) not available, trying Charger 4 (fid=308108)",775.5423500278661,4,,
Car 266,,,,,19,switch,,"Charger 19 (fid=14) not available, trying Charger 6 (fid=1)",775.6390950992636,6,,
Car 194,,,,,,gave_up,20,"no alternate charger available, gave up",775.7877349839424,,,
Car 255,,3,9,,,start_charge,,starting to charge at Charger 9 (fid=3),776.0766297921211,,45.0,
Car 214,64.0,13,18,,,done,,done charging,776.1265219301513,,,555.3868096666625
Car 262,,13,18,,,start_charge,,starting to charge at Charger 18 (fid=13),776.1265219301513,,43.26312303339171,
Car 299,,,,21,,arrived,,arrived,776.1712847222174,,,
Car 300,,,,37,,arrived,,arrived,776.2746955798111,,,
Car 291,,,,,0,switch,,"Charger 0 (fid=308440) not available, trying Charger 16 (fid=11)",776.3064951862219,16,,
Car 211,,,,,8,switch,,"Charger 8 (fid=91) not available, trying Charger 18 (fid=13)",776.4368083470201,18,,
Car 249,,,,,4,switch,,"Charger 4 (fid=308108) not available, trying Charger 18 (fid=13)",776.6201835942023,18,,
Car 283,,,,,10,switch,,"Charger 10 (fid=4) not available, trying Charger 19 (fid=14)",776.8963666675621,19,,
Car 301,,,,27,,arrived,,arrived,776.963530073109,,,
Car 250,,,,,16,switch,,"Charger 16 (fid=11) not available, trying Charger 0 (fid=308440)",777.0043854089779,0,,
Car 292,,,,,13,switch,,"Charger 13 (fid=8) not available, trying Charger 15 (fid=10)",777.0350186126442,15,,
Car 227,72.0,9,14,,,done,,done charging,777.1508305663114,,,406.47075653562075
Car 229,,,,,20,switch,,"Charger 20 (fid=15) not available, trying Charger 17 (fid=12)",777.1991522301088,17,,
Car 302,,,,39,,arrived,,arrived,777.1999459408512,,,
Car 274,,,,,19,switch,,"Charger 19 (fid=14) not available, trying Charger 1 (fid=308702)",777.4707825077018,1,,
Car 236,,,,,13,switch,,"Charger 13 (fid=8) not available, trying Charger 15 (fid=10)",777.5497310658371,15,,
Car 269,,,,,16,switch,,"Charger 16 (fid=11) not available, trying Charger 13 (fid=8)",777.5739781988515,13,,
Car 287,,,,,11,switch,,"Charger 11 (fid=6) not available, trying Charger 16 (fid=11)",778.0127271534727,16,,
Car 303,,,,71,,arrived,,arrived,778.1084038256308,,,
Car 267,,,,,1,switch,,"Charger 1 (fid=308702) not available, trying Charger 9 (fid=3)",778.2704090059582,9,,
Car 277,,,,,3,switch,,"Charger 3 (fid=307905) not available, trying Charger 18 (fid=13)",778.3577599035219,18,,
Car 289,,,,,0,switch,,"Charger 0 (fid=308440) not available, trying Charger 19 (fid=14)",778.6655396483476,19,,
Car 298,,,,,16,switch,,"Charger 16 (fid=11) not available, trying Charger 19 (fid=14)",779.1147979823606,19,,
Car 273,,,,,12,switch,,"Charger 12 (fid=7) not available, trying Charger 11 (fid=6)",779.3168673766219,11,,
Car 239,,,,,3,switch,,"Charger 3 (fid=307905) not available, trying Charger 12 (fid=7)",779.366232309856,12,,
Car 293,,,,,12,switch,,"Charger 12 (fid=7) not available, trying Charger 4 (fid=308108)",779.9907068669247,4,,
Car 244,,,,,12,switch,,"Charger 12 (fid=7) not available, trying Charger 5 (fid=5)",780.0015311786182,5,,
Car 288,,,,,6,switch,,"Charger 6 (fid=1) not available, trying Charger 2 (fid=307904)",780.0153953580807,2,,
Car 295,,,,,12,switch,,"Charger 12 (fid=7) not available, trying Charger 2 (fid=307904)",780.4657744808384,2,,
Car 296,,,,,5,switch,,"Charger 5 (fid=5) not available, trying Charger 14 (fid=9)",780.6748369438367,14,,
Car 304,,,,17,,arrived,,arrived,780.7909987500087,,,
Car 271,,,,,8,switch,,"Charger 8 (fid=91) not available, trying Charger 2 (fid=307904)",780.8169576356071,2,,
Car 218,,,,,4,switch,,"Charger 4 (fid=308108) not available, trying Charger 8 (fid=91)",781.0314268572462,8,,
Car 299,,,,,0,switch,,"Charger 0 (fid=308440) not available, trying Charger 19 (fid=14)",781.1712847222174,19,,
Car 300,,,,,10,switch,,"Charger 10 (fid=4) not available, trying Charger 5 (fid=5)",781.2746955798111,5,,
Car 280,,,,,16,switch,,"Charger 16 (fid=11) not available, trying Charger 11 (fid=6)",781.3202955259445,11,,
Car 208,77.0,1,6,,,done,,done charging,781.594308144335,,,400.71455873548655
Car 266,,1,6,,,start_charge,,starting to charge at Charger 6 (fid=1),781.594308144335,,36.63387556986754,
Car 264,,,,,18,switch,,"Charger 18 (fid=13) not available, trying Charger 1 (fid=308702)",781.6936806647037,1,,
Car 297,,,,,7,switch,,"Charger 7 (fid=2) not available, trying Charger 4 (fid=308108)",781.702763779572,4,,
Car 301,,,,,1,switch,,"Charger 1 (fid=308702) not available, trying Charger 18 (fid=13)",781.963530073109,18,,
Car 263,,,,,9,switch,,"Charger 9 (fid=3) not available, trying Charger 11 (fid=6)",781.9760444000121,11,,
Car 281,,,,,4,switch,,"Charger 4 (fid=308108) not available, trying Charger 6 (fid=1)",782.1451344278253,6,,
Car 302,,,,,9,switch,,"Charger 9 (fid=3) not available, trying Charger 20 (fid=15)",782.1999459408512,20,,
Car 253,,,,,16,switch,,"Charger 16 (fid=11) not available, trying Charger 7 (fid=2)",782.2353818131991,7,,
Car 294,,,,,12,switch,,"Charger 12 (fid=7) not available, trying Charger 4 (fid=308108)",782.5293554592406,4,,
Car 245,,,,,9,switch,,"Charger 9 (fid=3) not available, trying Charger 6 (fid=1)",782.7320381927874,6,,
Car 168,75.0,91,8,,,done,,done charging,782.7684281649265,,,786.8982353118089
Car 230,88.0,7,12,,,done,,done charging,782.8011786476707,,,390.67408280914594
Car 239,,7,12,,,start_charge,,starting to charge at Charger 12 (fid=7),782.8011786476707,,75.83941709430394,
Car 290,,,,,10,switch,,"Charger 10 (fid=4) not available, trying Charger 19 (fid=14)",782.9882886946474,19,,
Car 303,,,,,19,switch,,"Charger 19 (fid=14) not available, trying Charger 0 (fid=308440)",783.1084038256308,0,,
Car 218,,91,8,,,start_charge,,starting to charge at Charger 8 (fid=91),783.2418385403272,,95.0,
Car 282,,,,,0,switch,,"Charger 0 (fid=308440) not available, trying Charger 12 (fid=7)",783.2634031770497,12,,
Car 292,,,,,15,switch,,"Charger 15 (fid=10) not available, trying Charger 16 (fid=11)",783.4140036672354,16,,
Car 237,108.0,308702,1,,,done,,done charging,783.7734642897802,,,238.00146318427056
Car 274,,308702,1,,,start_charge,,starting to charge at Charger 1 (fid=308702),783.7734642897802,,37.20111025679853,
Car 276,,,,,20,switch,,"Charger 20 (fid=15) not available, trying Charger 14 (fid=9)",783.8752944560189,14,,
Car 236,,,,,15,switch,,"Charger 15 (fid=10) not available, trying Charger 12 (fid=7)",783.9287161204284,12,,
Car 305,,,,16,,arrived,,arrived,784.0629844925681,,,
Car 291,,,,,16,switch,,"Charger 16 (fid=11) not available, trying Charger 18 (fid=13)",784.2823454908663,18,,
Car 296,,9,14,,,start_charge,,starting to charge at Charger 14 (fid=9),784.3282758521416,,10.0,
Car 250,,,,,0,switch,,"Charger 0 (fid=308440) not available, trying Charger 9 (fid=3)",784.9802357136223,9,,
Car 251,,,,,0,switch,,"Charger 0 (fid=308440) not available, trying Charger 20 (fid=15)",785.1507736266677,20,,
Car 287,,,,,16,switch,,"Charger 16 (fid=11) not available, trying Charger 2 (fid=307904)",785.177123286926,2,,
Car 247,,,,,10,switch,,"Charger 10 (fid=4) not available, trying Charger 5 (fid=5)",785.2249583714313,5,,
Car 289,,,,,19,switch,,"Charger 19 (fid=14) not available, trying Charger 10 (fid=4)",785.2599341102127,10,,
Car 306,,,,20,,arrived,,arrived,785.4803595344263,,,
Car 198,81.0,4,10,,,done,,done charging,785.5592738620694,,,482.6991477415534
Car 304,,,,,19,switch,,"Charger 19 (fid=14) not available, trying Charger 11 (fid=6)",785.7909987500087,11,,
Car 269,,,,,13,switch,,"Charger 13 (fid=8) not available, trying Charger 15 (fid=10)",785.9831284843475,15,,
Car 288,,,,,2,switch,,"Charger 2 (fid=307904) not available, trying Charger 3 (fid=307905)",786.2052489194012,3,,
Car 298,,,,,19,switch,,"Charger 19 (fid=14) not available, trying Charger 0 (fid=308440)",786.3447302192978,0,,
Car 283,,,,,19,switch,,"Charger 19 (fid=14) not available, trying Charger 5 (fid=5)",786.5016343433186,5,,
Car 293,,,,,4,switch,,"Charger 4 (fid=308108) not available, trying Charger 16 (fid=11)",786.6530362023552,16,,
Car 300,,,,,5,switch,,"Charger 5 (fid=5) not available, trying Charger 14 (fid=9)",787.1630956281991,14,,
Car 299,,,,,19,switch,,"Charger 19 (fid=14) not available, trying Charger 18 (fid=13)",787.7656791840825,18,,
Car 295,,,,,2,switch,,"Charger 2 (fid=307904) not available, trying Charger 3 (fid=307905)",788.0449668927283,3,,
Car 229,,,,,17,switch,,"Charger 17 (fid=12) not available, trying Charger 7 (fid=2)",788.0676823362095,7,,
Car 273,,,,,11,switch,,"Charger 11 (fid=6) not available, trying Charger 8 (fid=91)",788.2550639124796,8,,
Car 297,,,,,4,switch,,"Charger 4 (fid=308108) not available, trying Charger 12 (fid=7)",788.3055481795312,12,,
Car 280,,,,,11,switch,,"Charger 11 (fid=6) not available, trying Charger 5 (fid=5)",788.4846916593978,5,,
Car 271,,,,,2,switch,,"Charger 2 (fid=307904) not available, trying Charger 3 (fid=307905)",788.7286021838994,3,,
Car 264,,,,,1,switch,,"Charger 1 (fid=308702) not available, trying Charger 14 (fid=9)",788.876871602564,14,,
Car 305,,,,,16,switch,,"Charger 16 (fid=11) not available, trying Charger 19 (fid=14)",789.0629844925681,19,,
Car 301,,,,,18,switch,,"Charger 18 (fid=13) not available, trying Charger 5 (fid=5)",789.1467210109694,5,,
Car 294,,,,,4,switch,,"Charger 4 (fid=308108) not available, trying Charger 6 (fid=1)",789.1916847946711,6,,
Car 307,,,,10,,arrived,,arrived,789.3631524643182,,,
Car 277,,,,,18,switch,,"Charger 18 (fid=13) not available, trying Charger 6 (fid=1)",789.4250589646997,6,,
Car 303,,,,,0,switch,,"Charger 0 (fid=308440) not available, trying Charger 16 (fid=11)",789.702798287496,16,,
Car 289,,4,10,,,start_charge,,starting to charge at Charger 10 (fid=4),789.8652017859692,,20.0,
Car 281,,,,,6,switch,,"Charger 6 (fid=1) not available, trying Charger 8 (fid=91)",789.9965139187848,8,,
Car 211,,,,,,gave_up,18,"no alternate charger available, gave up",790.1521257749262,,,
Car 306,,,,,0,switch,,"Charger 0 (fid=308440) not available, trying Charger 19 (fid=14)",790.4803595344263,19,,
Car 249,,,,,18,switch,,"Charger 18 (fid=13) not available, trying Charger 14 (fid=9)",790.6055602925686,14,,
Car 302,,,,,20,switch,,"Charger 20 (fid=15) not available, trying Charger 14 (fid=9)",790.6314711928376,14,,
Car 169,73.0,15,20,,,done,,done charging,790.7234415978481,,,565.1288779069714
Car 308,,,,83,,arrived,,arrived,791.0335385340663,,,
Car 247,,,,,5,switch,,"Charger 5 (fid=5) not available, trying Charger 13 (fid=8)",791.1133584198193,13,,
Car 267,,,,,9,switch,,"Charger 9 (fid=3) not available, trying Charger 11 (fid=6)",791.1304787608474,11,,
Car 288,,,,,3,switch,,"Charger 3 (fid=307905) not available, trying Charger 12 (fid=7)",791.4688751009653,12,,
Car 292,,,,,16,switch,,"Charger 16 (fid=11) not available, trying Charger 10 (fid=4)",791.7222213566967,10,,
Car 263,,,,,11,switch,,"Charger 11 (fid=6) not available, trying Charger 0 (fid=308440)",791.7709130361333,0,,
Car 253,,,,,7,switch,,"Charger 7 (fid=2) not available, trying Charger 4 (fid=308108)",792.342202810956,4,,
Car 269,,,,,15,switch,,"Charger 15 (fid=10) not available, trying Charger 14 (fid=9)",792.3621135389387,14,,
Car 290,,,,,19,switch,,"Charger 19 (fid=14) not available, trying Charger 5 (fid=5)",792.5935563704039,5,,
Car 244,,,,,5,switch,,"Charger 5 (fid=5) not available, trying Charger 0 (fid=308440)",792.6307626722428,0,,
Car 240,62.0,9,14,,,done,,done charging,792.9390343927274,,,347.8653374453988
Car 276,,9,14,,,start_charge,,starting to charge at Charger 14 (fid=9),792.9390343927274,,37.894702127299524,
Car 298,,,,,0,switch,,"Charger 0 (fid=308440) not available, trying Charger 11 (fid=6)",792.939124681163,11,,
Car 295,,,,,3,switch,,"Charger 3 (fid=307905) not available, trying Charger 17 (fid=12)",793.3085930742924,17,,
Car 309,,,,27,,arrived,,arrived,793.3296921729768,,,
Car 251,,15,20,,,start_charge,,starting to charge at Charger 20 (fid=15),793.3755343324061,,60.0,
Car 245,,,,,6,switch,,"Charger 6 (fid=1) not available, trying Charger 2 (fid=307904)",793.5660043425078,2,,
Car 235,90.0,10,15,,,done,,done charging,793.6182147861975,,,451.0944628930953
Car 307,,10,15,,,start_charge,,starting to charge at Charger 15 (fid=10),793.6182147861975,,4.255062321879336,
Car 310,,,,27,,arrived,,arrived,793.8221162910788,,,
Car 291,,,,,18,switch,,"Charger 18 (fid=13) not available, trying Charger 11 (fid=6)",793.8821134508291,11,,
Car 271,,,,,3,switch,,"Charger 3 (fid=307905) not available, trying Charger 16 (fid=11)",793.9922283654635,16,,
Car 287,,,,,2,switch,,"Charger 2 (fid=307904) not available, trying Charger 3 (fid=307905)",793.995581912203,3,,
Car 304,,,,,11,switch,,"Charger 11 (fid=6) not available, trying Charger 16 (fid=11)",794.0018155037948,16,,
Car 282,,,,,12,switch,,"Charger 12 (fid=7) not available, trying Charger 19 (fid=14)",794.6979216173561,19,,
Car 297,,,,,12,switch,,"Charger 12 (fid=7) not available, trying Charger 2 (fid=307904)",794.9678775149617,2,,
Car 236,,,,,12,switch,,"Charger 12 (fid=7) not available, trying Charger 9 (fid=3)",795.0892174758342,9,,
Car 311,,,,78,,arrived,,arrived,795.4741477147284,,,
Car 300,,,,,14,switch,,"Charger 14 (fid=9) not available, trying Charger 16 (fid=11)",795.816534536504,16,,
Car 299,,,,,18,switch,,"Charger 18 (fid=13) not available, trying Charger 16 (fid=11)",795.9839913012661,16,,
Car 308,,,,,2,switch,,"Charger 2 (fid=307904) not available, trying Charger 3 (fid=307905)",796.0335385340663,3,,
Car 305,,,,,19,switch,,"Charger 19 (fid=14) not available, trying Charger 0 (fid=308440)",796.2929167295054,0,,
Car 283,,,,,5,switch,,"Charger 5 (fid=5) not available, trying Charger 0 (fid=308440)",796.3128995860785,0,,
Car 293,,,,,16,switch,,"Charger 16 (fid=11) not available, trying Charger 2 (fid=307904)",796.7748059057968,2,,
Car 250,,,,,9,switch,,"Charger 9 (fid=3) not available, trying Charger 14 (fid=9)",796.8036883813119,14,,
Car 229,,,,,7,switch,,"Charger 7 (fid=2) not available, trying Charger 1 (fid=308702)",796.9435199497082,1,,
Car 312,,,,14,,arrived,,arrived,797.0262763373363,,,
Car 294,,,,,6,switch,,"Charger 6 (fid=1) not available, trying Charger 2 (fid=307904)",797.0430642856306,2,,
Car 306,,,,,19,switch,,"Charger 19 (fid=14) not available, trying Charger 18 (fid=13)",797.0747539962914,18,,
Car 303,,,,,16,switch,,"Charger 16 (fid=11) not available, trying Charger 18 (fid=13)",797.6786485921403,18,,
Car 281,,,,,8,switch,,"Charger 8 (fid=91) not available, trying Charger 2 (fid=307904)",797.960343257659,2,,
Car 313,,,,62,,arrived,,arrived,798.1719038722401,,,
Car 309,,,,,1,switch,,"Charger 1 (fid=308702) not available, trying Charger 18 (fid=13)",798.3296921729768,18,,
Car 314,,,,37,,arrived,,arrived,798.5805940781313,,,
Car 315,,,,70,,arrived,,arrived,798.7342115835492,,,
Car 264,,,,,14,switch,,"Charger 14 (fid=9) not available, trying Charger 12 (fid=7)",798.7981233378503,12,,
Car 310,,,,,1,switch,,"Charger 1 (fid=308702) not available, trying Charger 18 (fid=13)",798.8221162910788,18,,
Car 269,,,,,14,switch,,"Charger 14 (fid=9) not available, trying Charger 11 (fid=6)",798.8970248951553,11,,
Car 253,,,,,4,switch,,"Charger 4 (fid=308108) not available, trying Charger 18 (fid=13)",798.9449872109152,18,,
Car 273,,,,,8,switch,,"Charger 8 (fid=91) not available, trying Charger 18 (fid=13)",799.000476702409,18,,
Car 280,,,,,5,switch,,"Charger 5 (fid=5) not available, trying Charger 10 (fid=4)",799.0187167663263,10,,
Car 247,,,,,13,switch,,"Charger 13 (fid=8) not available, trying Charger 15 (fid=10)",799.048726359439,15,,
Car 288,,,,,12,switch,,"Charger 12 (fid=7) not available, trying Charger 17 (fid=12)",799.0644043444761,17,,
Car 287,,,,,3,switch,,"Charger 3 (fid=307905) not available, trying Charger 6 (fid=1)",799.259208093767,6,,
Car 301,,,,,5,switch,,"Charger 5 (fid=5) not available, trying Charger 10 (fid=4)",799.519989083857,10,,
Car 295,,,,,17,switch,,"Charger 17 (fid=12) not available, trying Charger 7 (fid=2)",799.5442667209392,7,,
Car 316,,,,4,,arrived,,arrived,799.5970472114801,,,
Car 245,,,,,2,switch,,"Charger 2 (fid=307904) not available, trying Charger 3 (fid=307905)",799.7558579038283,3,,
Car 292,,,,,10,switch,,"Charger 10 (fid=4) not available, trying Charger 5 (fid=5)",800.1742516951682,5,,
Car 311,,,,,15,switch,,"Charger 15 (fid=10) not available, trying Charger 14 (fid=9)",800.4741477147284,14,,
Car 267,,,,,11,switch,,"Charger 11 (fid=6) not available, trying Charger 0 (fid=308440)",800.9253473969685,0,,
Car 263,,,,,0,switch,,"Charger 0 (fid=308440) not available, trying Charger 6 (fid=1)",800.9394440249861,6,,
Car 304,,,,,16,switch,,"Charger 16 (fid=11) not available, trying Charger 2 (fid=307904)",801.166211637248,2,,
Car 308,,,,,3,switch,,"Charger 3 (fid=307905) not available, trying Charger 6 (fid=1)",801.2971647156304,6,,
Car 256,100.0,4,10,,,done,,done charging,801.3775137255045,,,131.70605267379972
Car 314,,4,10,,,start_charge,,starting to charge at Charger 10 (fid=4),801.3775137255045,,2.7969196473732154,
Car 277,,,,,6,switch,,"Charger 6 (fid=1) not available, trying Charger 17 (fid=12)",801.418585405634,17,,
Car 302,,,,,14,switch,,"Charger 14 (fid=9) not available, trying Charger 16 (fid=11)",801.8005090022466,16,,
Car 317,,,,19,,arrived,,arrived,801.8581028599424,,,
Car 312,,,,,19,switch,,"Charger 19 (fid=14) not available, trying Charger 0 (fid=308440)",802.0262763373363,0,,
Car 249,,,,,14,switch,,"Charger 14 (fid=9) not available, trying Charger 20 (fid=15)",802.0470920498653,20,,
Car 298,,,,,11,switch,,"Charger 11 (fid=6) not available, trying Charger 14 (fid=9)",802.1076556700158,14,,
Car 290,,,,,5,switch,,"Charger 5 (fid=5) not available, trying Charger 0 (fid=308440)",802.4048216131638,0,,
Car 297,,,,,2,switch,,"Charger 2 (fid=307904) not available, trying Charger 3 (fid=307905)",802.5470699268517,3,,
Car 271,,,,,16,switch,,"Charger 16 (fid=11) not available, trying Charger 11 (fid=6)",802.8270238223612,11,,
Car 305,,,,,0,switch,,"Charger 0 (fid=308440) not available, trying Charger 11 (fid=6)",802.8873111913705,11,,
Car 313,,,,,16,switch,,"Charger 16 (fid=11) not available, trying Charger 11 (fid=6)",803.1719038722401,11,,
Car 244,,,,,0,switch,,"Charger 0 (fid=308440) not available, trying Charger 4 (fid=308108)",803.18794598271,4,,
Car 294,,,,,2,switch,,"Charger 2 (fid=307904) not available, trying Charger 3 (fid=307905)",803.2329178469512,3,,
Car 300,,,,,16,switch,,"Charger 16 (fid=11) not available, trying Charger 13 (fid=8)",803.3464571043367,13,,
Car 315,,,,,19,switch,,"Charger 19 (fid=14) not available, trying Charger 0 (fid=308440)",803.7342115835492,0,,
Car 318,,,,33,,arrived,,arrived,804.0130151091299,,,
Car 319,,,,5,,arrived,,arrived,804.0396022660343,,,
Car 320,,,,51,,arrived,,arrived,804.366684651839,,,
Car 316,,,,,11,switch,,"Charger 11 (fid=6) not available, trying Charger 16 (fid=11)",804.5970472114801,16,,
Car 291,,,,,11,switch,,"Charger 11 (fid=6) not available, trying Charger 1 (fid=308702)",804.6865258600968,1,,
Car 321,,,,6,,arrived,,arrived,804.6938666350251,,,
Car 280,,,,,10,switch,,"Charger 10 (fid=4) not available, trying Charger 6 (fid=1)",804.9071168147143,6,,
Car 245,,,,,3,switch,,"Charger 3 (fid=307905) not available, trying Charger 12 (fid=7)",805.0194840853924,12,,
Car 282,,,,,19,switch,,"Charger 19 (fid=14) not available, trying Charger 11 (fid=6)",805.2351603964673,11,,
Car 306,,,,,18,switch,,"Charger 18 (fid=13) not available, trying Charger 16 (fid=11)",805.293066113475,16,,
Car 301,,,,,10,switch,,"Charger 10 (fid=4) not available, trying Charger 0 (fid=308440)",805.408389132245,0,,
Car 247,,,,,15,switch,,"Charger 15 (fid=10) not available, trying Charger 12 (fid=7)",805.4277114140302,12,,
Car 287,,,,,6,switch,,"Charger 6 (fid=1) not available, trying Charger 17 (fid=12)",805.4653984867084,17,,
Car 309,,,,,18,switch,,"Charger 18 (fid=13) not available, trying Charger 5 (fid=5)",805.5128831108372,5,,
Car 299,,,,,16,switch,,"Charger 16 (fid=11) not available, trying Charger 1 (fid=308702)",805.5837592612289,1,,
Car 293,,,,,2,switch,,"Charger 2 (fid=307904) not available, trying Charger 3 (fid=307905)",805.5932645310738,3,,
Car 236,,,,,9,switch,,"Charger 9 (fid=3) not available, trying Charger 7 (fid=2)",805.8629750122403,7,,
Car 281,,,,,2,switch,,"Charger 2 (fid=307904) not available, trying Charger 3 (fid=307905)",805.8719878059513,3,,
Car 250,,,,,14,switch,,"Charger 14 (fid=9) not available, trying Charger 15 (fid=10)",805.8914416825272,15,,
Car 310,,,,,18,switch,,"Charger 18 (fid=13) not available, trying Charger 5 (fid=5)",806.0053072289392,5,,
Car 292,,,,,5,switch,,"Charger 5 (fid=5) not available, trying Charger 19 (fid=14)",806.0626517435562,19,,
Car 317,,,,,0,switch,,"Charger 0 (fid=308440) not available, trying Charger 19 (fid=14)",806.8581028599424,19,,
Car 283,,,,,0,switch,,"Charger 0 (fid=308440) not available, trying Charger 14 (fid=9)",806.8700828965457,14,,
Car 311,,,,,14,switch,,"Charger 14 (fid=9) not available, trying Charger 13 (fid=8)",807.0090590709449,13,,
Car 288,,,,,17,switch,,"Charger 17 (fid=12) not available, trying Charger 19 (fid=14)",807.2243295458354,19,,
Car 303,,,,,18,switch,,"Charger 18 (fid=13) not available, trying Charger 11 (fid=6)",807.2784165521032,11,,
Car 308,,,,,6,switch,,"Charger 6 (fid=1) not available, trying Charger 17 (fid=12)",807.5033551085718,17,,
Car 297,,,,,3,switch,,"Charger 3 (fid=307905) not available, trying Charger 6 (fid=1)",807.8106961084158,6,,
Car 277,,,,,17,switch,,"Charger 17 (fid=12) not available, trying Charger 1 (fid=308702)",808.1891717564239,1,,
Car 269,,,,,11,switch,,"Charger 11 (fid=6) not available, trying Charger 2 (fid=307904)",808.3129578927058,2,,
Car 295,,,,,7,switch,,"Charger 7 (fid=2) not available, trying Charger 4 (fid=308108)",808.4201043344378,4,,
Car 294,,,,,3,switch,,"Charger 3 (fid=307905) not available, trying Charger 16 (fid=11)",808.4965440285152,16,,
Car 312,,,,,0,switch,,"Charger 0 (fid=308440) not available, trying Charger 16 (fid=11)",808.6206707992014,16,,
Car 265,81.0,11,16,,,done,,done charging,808.6523816097933,,,221.916351083907
Car 302,,11,16,,,start_charge,,starting to charge at Charger 16 (fid=11),808.6523816097933,,19.321950039714125,
Car 318,,,,,19,switch,,"Charger 19 (fid=14) not available, trying Charger 0 (fid=308440)",809.0130151091299,0,,
Car 319,,,,,7,switch,,"Charger 7 (fid=2) not available, trying Charger 4 (fid=308108)",809.0396022660343,4,,
Car 320,,,,,20,switch,,"Charger 20 (fid=15) not available, trying Charger 12 (fid=7)",809.366684651839,12,,
Car 264,,,,,12,switch,,"Charger 12 (fid=7) not available, trying Charger 10 (fid=4)",809.4128048191819,10,,
Car 321,,,,,11,switch,,"Charger 11 (fid=6) not available, trying Charger 16 (fid=11)",809.6938666350251,16,,
Car 219,102.0,12,17,,,done,,done charging,809.9177143025848,,,454.4241995225055
Car 287,,12,17,,,start_charge,,starting to charge at Charger 17 (fid=12),809.9177143025848,,37.681729465086505,
Car 304,,,,,2,switch,,"Charger 2 (fid=307904) not available, trying Charger 3 (fid=307905)",809.984670262525,3,,
Car 271,,,,,11,switch,,"Charger 11 (fid=6) not available, trying Charger 17 (fid=12)",809.9914199558144,17,,
Car 267,,,,,0,switch,,"Charger 0 (fid=308440) not available, trying Charger 6 (fid=1)",810.0938783858213,6,,
Car 229,,,,,1,switch,,"Charger 1 (fid=308702) not available, trying Charger 18 (fid=13)",810.1566357694333,18,,
Car 205,83.0,14,19,,,done,,done charging,810.1867303079847,,,466.5989179485197
Car 317,,14,19,,,start_charge,,starting to charge at Charger 19 (fid=14),810.1867303079847,,6.734232986177176,
Car 315,,,,,0,switch,,"Charger 0 (fid=308440) not available, trying Charger 16 (fid=11)",810.3286060454143,16,,
Car 313,,,,,11,switch,,"Charger 11 (fid=6) not available, trying Charger 14 (fid=9)",810.3363000056934,14,,
Car 293,,,,,3,switch,,"Charger 3 (fid=307905) not available, trying Charger 20 (fid=15)",810.8568907126379,20,,
Car 281,,,,,3,switch,,"Charger 3 (fid=307905) not available, trying Charger 16 (fid=11)",811.1356139875154,16,,
Car 263,,,,,6,switch,,"Charger 6 (fid=1) not available, trying Charger 12 (fid=7)",811.2184957352566,12,,
Car 257,72.0,307904,2,,,done,,done charging,811.401131557588,,,274.48223184163743
Car 298,,,,,14,switch,,"Charger 14 (fid=9) not available, trying Charger 1 (fid=308702)",811.5235886675663,1,,
Car 242,110.0,307905,3,,,done,,done charging,811.5368838737977,,,257.4386277757834
Car 304,,307905,3,,,start_charge,,starting to charge at Charger 3 (fid=307905),811.5368838737977,,21.288587429708627,
Car 269,,307904,2,,,start_charge,,starting to charge at Charger 2 (fid=307904),811.6376421311652,,55.0,
Car 300,,,,,13,switch,,"Charger 13 (fid=8) not available, trying Charger 1 (fid=308702)",811.7556073898327,1,,
Car 316,,,,,16,switch,,"Charger 16 (fid=11) not available, trying Charger 6 (fid=1)",811.7614433449334,6,,
Car 248,76.0,10,15,,,done,,done charging,811.9642150573227,,,308.3536835263239
Car 250,,10,15,,,start_charge,,starting to charge at Charger 15 (fid=10),811.9642150573227,,79.53786201857895,
Car 305,,,,,11,switch,,"Charger 11 (fid=6) not available, trying Charger 14 (fid=9)",812.0558421802233,14,,
Car 322,,,,61,,arrived,,arrived,812.4118680321582,,,
Car 245,,,,,12,switch,,"Charger 12 (fid=7) not available, trying Charger 4 (fid=308108)",812.6150133289032,4,,
Car 273,,,,,18,switch,,"Charger 18 (fid=13) not available, trying Charger 16 (fid=11)",812.715794130315,16,,
Car 253,,,,,18,switch,,"Charger 18 (fid=13) not available, trying Charger 1 (fid=308702)",812.9303639092815,1,,
Car 290,,,,,0,switch,,"Charger 0 (fid=308440) not available, trying Charger 14 (fid=9)",812.962004923631,14,,
Car 249,,,,,20,switch,,"Charger 20 (fid=15) not available, trying Charger 1 (fid=308702)",813.2161298592744,1,,
Car 260,97.0,13,18,,,done,,done charging,813.3809656432474,,,186.65790071684015
Car 229,,13,18,,,start_charge,,starting to charge at Charger 18 (fid=13),813.3809656432474,,96.04113893595377,
Car 311,,,,,13,switch,,"Charger 13 (fid=8) not available, trying Charger 5 (fid=5)",813.4289635941716,5,,
Car 282,,,,,11,switch,,"Charger 11 (fid=6) not available, trying Charger 8 (fid=91)",813.4459771502534,8,,
Car 297,,,,,6,switch,,"Charger 6 (fid=1) not available, trying Charger 17 (fid=12)",814.0168865013571,17,,
Car 308,,,,,17,switch,,"Charger 17 (fid=12) not available, trying Charger 0 (fid=308440)",814.2739414593617,0,,
Car 299,,,,,1,switch,,"Charger 1 (fid=308702) not available, trying Charger 11 (fid=6)",814.5962266530728,11,,
Car 306,,,,,16,switch,,"Charger 16 (fid=11) not available, trying Charger 1 (fid=308702)",814.8928340734378,1,,
Car 291,,,,,1,switch,,"Charger 1 (fid=308702) not available, trying Charger 2 (fid=307904)",814.9036377012457,2,,
Car 295,,,,,4,switch,,"Charger 4 (fid=308108) not available, trying Charger 11 (fid=6)",815.022888734397,11,,
Car 244,,,,,4,switch,,"Charger 4 (fid=308108) not available, trying Charger 20 (fid=15)",815.5494050257578,20,,
Car 318,,,,,0,switch,,"Charger 0 (fid=308440) not available, trying Charger 16 (fid=11)",815.6074095709951,16,,
Car 319,,,,,4,switch,,"Charger 4 (fid=308108) not available, trying Charger 8 (fid=91)",815.6423866659935,8,,
Car 301,,,,,0,switch,,"Charger 0 (fid=308440) not available, trying Charger 19 (fid=14)",815.7595748757087,19,,
Car 292,,,,,19,switch,,"Charger 19 (fid=14) not available, trying Charger 9 (fid=3)",815.8739169863161,9,,
Car 309,,,,,5,switch,,"Charger 5 (fid=5) not available, trying Charger 10 (fid=4)",815.8861511837248,10,,
Car 323,,,,73,,arrived,,arrived,815.9420474935026,,,
Car 324,,,,38,,arrived,,arrived,816.2282170934553,,,
Car 310,,,,,5,switch,,"Charger 5 (fid=5) not available, trying Charger 10 (fid=4)",816.3785753018268,10,,
Car 288,,,,,19,switch,,"Charger 19 (fid=14) not available, trying Charger 7 (fid=2)",816.5751502747447,7,,
Car 247,,,,,12,switch,,"Charger 12 (fid=7) not available, trying Charger 9 (fid=3)",816.588212769436,9,,
Car 312,,,,,16,switch,,"Charger 16 (fid=11) not available, trying Charger 11 (fid=6)",816.5965211038458,11,,
Car 283,,,,,14,switch,,"Charger 14 (fid=9) not available, trying Charger 11 (fid=6)",816.687696998524,11,,
Car 280,,,,,6,switch,,"Charger 6 (fid=1) not available, trying Charger 20 (fid=15)",816.8448120307532,20,,
Car 321,,,,,16,switch,,"Charger 16 (fid=11) not available, trying Charger 19 (fid=14)",816.8582627684783,19,,
Car 325,,,,78,,arrived,,arrived,816.8855943498022,,,
Car 294,,,,,16,switch,,"Charger 16 (fid=11) not available, trying Charger 9 (fid=3)",817.331339485413,9,,
Car 236,,,,,7,switch,,"Charger 7 (fid=2) not available, trying Charger 8 (fid=91)",817.3727611390171,8,,
Car 326,,,,62,,arrived,,arrived,817.3937559252635,,,
Car 322,,,,,9,switch,,"Charger 9 (fid=3) not available, trying Charger 14 (fid=9)",817.4118680321582,14,,
Car 327,,,,16,,arrived,,arrived,817.6078035815481,,,
Car 303,,,,,11,switch,,"Charger 11 (fid=6) not available, trying Charger 1 (fid=308702)",818.0828289613709,1,,
Car 263,,,,,12,switch,,"Charger 12 (fid=7) not available, trying Charger 18 (fid=13)",818.1429346234746,18,,
Car 315,,,,,16,switch,,"Charger 16 (fid=11) not available, trying Charger 18 (fid=13)",818.3044563500587,18,,
Car 320,,,,,12,switch,,"Charger 12 (fid=7) not available, trying Charger 4 (fid=308108)",818.4610321159082,4,,
Car 245,,,,,4,switch,,"Charger 4 (fid=308108) not available, trying Charger 17 (fid=12)",819.2773426643337,17,,
Car 271,,,,,17,switch,,"Charger 17 (fid=12) not available, trying Charger 14 (fid=9)",819.2881516593566,14,,
Car 313,,,,,14,switch,,"Charger 14 (fid=9) not available, trying Charger 9 (fid=3)",819.7522330032439,9,,
Car 281,,,,,16,switch,,"Charger 16 (fid=11) not available, trying Charger 11 (fid=6)",819.9704094444131,11,,
Car 253,,,,,1,switch,,"Charger 1 (fid=308702) not available, trying Charger 20 (fid=15)",820.1135548471418,20,,
Car 267,,,,,6,switch,,"Charger 6 (fid=1) not available, trying Charger 12 (fid=7)",820.3729300960919,12,,
Car 316,,,,,6,switch,,"Charger 6 (fid=1) not available, trying Charger 2 (fid=307904)",820.51907832525,2,,
Car 277,,,,,1,switch,,"Charger 1 (fid=308702) not available, trying Charger 14 (fid=9)",820.648998599652,14,,
Car 297,,,,,17,switch,,"Charger 17 (fid=12) not available, trying Charger 20 (fid=15)",820.7874728521471,20,,
Car 323,,,,,14,switch,,"Charger 14 (fid=9) not available, trying Charger 16 (fid=11)",820.9420474935026,16,,
Car 293,,,,,20,switch,,"Charger 20 (fid=15) not available, trying Charger 14 (fid=9)",821.1610248608899,14,,
Car 324,,,,,10,switch,,"Charger 10 (fid=4) not available, trying Charger 5 (fid=5)",821.2282170934553,5,,
Car 311,,,,,5,switch,,"Charger 5 (fid=5) not available, trying Charger 16 (fid=11)",821.3643315337913,16,,
Car 298,,,,,1,switch,,"Charger 1 (fid=308702) not available, trying Charger 10 (fid=4)",821.4448404028525,10,,
Car 259,80.0,8,13,,,done,,done charging,821.454470469594,,,256.65922920030073
Car 305,,,,,14,switch,,"Charger 14 (fid=9) not available, trying Charger 1 (fid=308702)",821.4717751777738,1,,
Car 328,,,,23,,arrived,,arrived,821.5973619644946,,,
Car 300,,,,,1,switch,,"Charger 1 (fid=308702) not available, trying Charger 15 (fid=10)",821.6047613138206,15,,
Car 309,,,,,10,switch,,"Charger 10 (fid=4) not available, trying Charger 0 (fid=308440)",821.7745512321128,0,,
Car 264,,,,,10,switch,,"Charger 10 (fid=4) not available, trying Charger 9 (fid=3)",821.8360387458031,9,,
Car 325,,,,,15,switch,,"Charger 15 (fid=10) not available, trying Charger 14 (fid=9)",821.8855943498022,14,,
Car 329,,,,56,,arrived,,arrived,822.2153691445825,,,
Car 310,,,,,10,switch,,"Charger 10 (fid=4) not available, trying Charger 0 (fid=308440)",822.2669753502148,0,,
Car 273,,,,,16,switch,,"Charger 16 (fid=11) not available, trying Charger 7 (fid=2)",822.3155620902778,7,,
Car 301,,,,,19,switch,,"Charger 19 (fid=14) not available, trying Charger 16 (fid=11)",822.3539693375739,16,,
Car 326,,,,,16,switch,,"Charger 16 (fid=11) not available, trying Charger 11 (fid=6)",822.3937559252635,11,,
Car 327,,,,,16,switch,,"Charger 16 (fid=11) not available, trying Charger 19 (fid=14)",822.6078035815481,19,,
Car 193,113.0,5,5,,,done,,done charging,822.6348914451507,,,462.8140810446825
Car 324,,5,5,,,start_charge,,starting to charge at Charger 5 (fid=5),822.6348914451507,,5.5182743033074075,
Car 290,,,,,14,switch,,"Charger 14 (fid=9) not available, trying Charger 11 (fid=6)",822.7796190256092,11,,
Car 319,,,,,8,switch,,"Charger 8 (fid=91) not available, trying Charger 20 (fid=15)",822.8527983490745,20,,
Car 318,,,,,16,switch,,"Charger 16 (fid=11) not available, trying Charger 11 (fid=6)",823.5832598756394,11,,
Car 312,,,,,11,switch,,"Charger 11 (fid=6) not available, trying Charger 18 (fid=13)",823.760917237299,18,,
Car 306,,,,,1,switch,,"Charger 1 (fid=308702) not available, trying Charger 11 (fid=6)",823.9053014652817,11,,
Car 321,,,,,19,switch,,"Charger 19 (fid=14) not available, trying Charger 6 (fid=1)",824.0881950054155,6,,
Car 279,64.0,308440,0,,,done,,done charging,824.1061334768685,,,259.45672320034873
Car 308,,308440,0,,,start_charge,,starting to charge at Charger 0 (fid=308440),824.1061334768685,,24.52365705353077,
Car 282,,,,,8,switch,,"Charger 8 (fid=91) not available, trying Charger 16 (fid=11)",824.1913899401827,16,,
Car 236,,,,,8,switch,,"Charger 8 (fid=91) not available, trying Charger 4 (fid=308108)",824.1997523260459,4,,
Car 244,,,,,20,switch,,"Charger 20 (fid=15) not available, trying Charger 17 (fid=12)",824.7896976178915,17,,
Car 299,,,,,11,switch,,"Charger 11 (fid=6) not available, trying Charger 2 (fid=307904)",824.8133384942216,2,,
Car 295,,,,,11,switch,,"Charger 11 (fid=6) not available, trying Charger 16 (fid=11)",824.8880258729962,16,,
Car 320,,,,,4,switch,,"Charger 4 (fid=308108) not available, trying Charger 6 (fid=1)",825.1233614513387,6,,
Car 283,,,,,11,switch,,"Charger 11 (fid=6) not available, trying Charger 18 (fid=13)",826.1036299960745,18,,
Car 254,110.0,11,16,,,done,,done charging,826.2668592889199,,,223.1079001134245
Car 323,,11,16,,,start_charge,,starting to charge at Charger 16 (fid=11),826.2668592889199,,7.79488922758469,
Car 291,,,,,2,switch,,"Charger 2 (fid=307904) not available, trying Charger 3 (fid=307905)",826.3914170793911,3,,
Car 294,,,,,9,switch,,"Charger 9 (fid=3) not available, trying Charger 7 (fid=2)",826.4416699940722,7,,
Car 280,,,,,20,switch,,"Charger 20 (fid=15) not available, trying Charger 12 (fid=7)",826.4778558237126,12,,
Car 322,,,,,14,switch,,"Charger 14 (fid=9) not available, trying Charger 16 (fid=11)",826.4996213333735,16,,
Car 328,,,,,0,switch,,"Charger 0 (fid=308440) not available, trying Charger 19 (fid=14)",826.5973619644946,19,,
Car 316,,,,,2,switch,,"Charger 2 (fid=307904) not available, trying Charger 3 (fid=307905)",826.7089318865706,3,,
Car 292,,,,,9,switch,,"Charger 9 (fid=3) not available, trying Charger 11 (fid=6)",826.8982228951646,11,,
Car 281,,,,,11,switch,,"Charger 11 (fid=6) not available, trying Charger 17 (fid=12)",827.1348055778664,17,,
Car 329,,,,,19,switch,,"Charger 19 (fid=14) not available, trying Charger 0 (fid=308440)",827.2153691445825,0,,
Car 267,,,,,12,switch,,"Charger 12 (fid=7) not available, trying Charger 18 (fid=13)",827.2973689843099,18,,
Car 247,,,,,9,switch,,"Charger 9 (fid=3) not available, trying Charger 8 (fid=91)",827.3619703058422,8,,
Car 249,,,,,1,switch,,"Charger 1 (fid=308702) not available, trying Charger 9 (fid=3)",827.4775076522124,9,,
Car 288,,,,,7,switch,,"Charger 7 (fid=2) not available, trying Charger 4 (fid=308108)",827.8400620241422,4,,
Car 315,,,,,18,switch,,"Charger 18 (fid=13) not available, trying Charger 11 (fid=6)",827.9042243100215,11,,
Car 303,,,,,1,switch,,"Charger 1 (fid=308702) not available, trying Charger 2 (fid=307904)",828.2999408025197,2,,
Car 245,,,,,17,switch,,"Charger 17 (fid=12) not available, trying Charger 20 (fid=15)",828.3642084684344,20,,
Car 325,,,,,14,switch,,"Charger 14 (fid=9) not available, trying Charger 13 (fid=8)",828.4205057060187,13,,
Car 313,,,,,9,switch,,"Charger 9 (fid=3) not available, trying Charger 15 (fid=10)",828.8399863044592,15,,
Car 330,,,,15,,arrived,,arrived,829.0494777171879,,,
Car 326,,,,,11,switch,,"Charger 11 (fid=6) not available, trying Charger 14 (fid=9)",829.5581520587167,14,,
Car 301,,,,,16,switch,,"Charger 16 (fid=11) not available, trying Charger 13 (fid=8)",829.5839015745111,13,,
Car 270,77.0,14,19,,,done,,done charging,829.6792363672964,,,232.18477446763174
Car 327,,14,19,,,start_charge,,starting to charge at Charger 19 (fid=14),829.6792363672964,,9.841500548811155,
Car 298,,,,,10,switch,,"Charger 10 (fid=4) not available, trying Charger 2 (fid=307904)",829.7939561932691,2,,
Car 325,,8,13,,,start_charge,,starting to charge at Charger 13 (fid=8),829.8404102292454,,10.0,
Car 311,,,,,16,switch,,"Charger 16 (fid=11) not available, trying Charger 10 (fid=4)",830.0223594392663,10,,
Car 277,,,,,14,switch,,"Charger 14 (fid=9) not available, trying Charger 10 (fid=4)",830.5702503349382,10,,
Car 318,,,,,11,switch,,"Charger 11 (fid=6) not available, trying Charger 2 (fid=307904)",830.7476560090927,2,,
Car 271,,,,,14,switch,,"Charger 14 (fid=9) not available, trying Charger 15 (fid=10)",831.0029496337538,15,,
Car 263,,,,,18,switch,,"Charger 18 (fid=13) not available, trying Charger 4 (fid=308108)",831.2013707190995,4,,
Car 305,,,,,1,switch,,"Charger 1 (fid=308702) not available, trying Charger 10 (fid=4)",831.39302691306,10,,
Car 236,,,,,4,switch,,"Charger 4 (fid=308108) not available, trying Charger 20 (fid=15)",831.4101640091269,20,,
Car 291,,,,,3,switch,,"Charger 3 (fid=307905) not available, trying Charger 14 (fid=9)",831.6550432609552,14,,
Car 297,,,,,20,switch,,"Charger 20 (fid=15) not available, trying Charger 11 (fid=6)",831.6560029582478,11,,
Car 316,,,,,3,switch,,"Charger 3 (fid=307905) not available, trying Charger 12 (fid=7)",831.9725580681346,12,,
Car 295,,,,,16,switch,,"Charger 16 (fid=11) not available, trying Charger 8 (fid=91)",832.0524220064494,8,,
Car 309,,,,,0,switch,,"Charger 0 (fid=308440) not available, trying Charger 19 (fid=14)",832.1257369755765,19,,
Car 290,,,,,11,switch,,"Charger 11 (fid=6) not available, trying Charger 18 (fid=13)",832.1955520231597,18,,
Car 300,,,,,15,switch,,"Charger 15 (fid=10) not available, trying Charger 19 (fid=14)",832.2202721904617,19,,
Car 293,,,,,14,switch,,"Charger 14 (fid=9) not available, trying Charger 11 (fid=6)",832.330062670299,11,,
Car 273,,,,,7,switch,,"Charger 7 (fid=2) not available, trying Charger 4 (fid=308108)",832.4223830880347,4,,
Car 310,,,,,0,switch,,"Charger 0 (fid=308440) not available, trying Charger 19 (fid=14)",832.6181610936785,19,,
Car 319,,,,,20,switch,,"Charger 20 (fid=15) not available, trying Charger 12 (fid=7)",832.672647548451,12,,
Car 268,66.0,8,13,,,done,,done charging,832.755316976921,,,272.6512927581114
Car 320,,,,,6,switch,,"Charger 6 (fid=1) not available, trying Charger 2 (fid=307904)",832.9747409422982,2,,
Car 301,,8,13,,,start_charge,,starting to charge at Charger 13 (fid=8),832.9930518600071,,35.0,
Car 299,,,,,2,switch,,"Charger 2 (fid=307904) not available, trying Charger 3 (fid=307905)",833.1380227326811,3,,
Car 328,,,,,19,switch,,"Charger 19 (fid=14) not available, trying Charger 18 (fid=13)",833.1917564263597,18,,
Car 321,,,,,6,switch,,"Charger 6 (fid=1) not available, trying Charger 2 (fid=307904)",833.4095324806193,2,,
Car 264,,,,,9,switch,,"Charger 9 (fid=3) not available, trying Charger 8 (fid=91)",833.4255348497118,8,,
Car 331,,,,25,,arrived,,arrived,833.5538303570279,,,
Car 329,,,,,0,switch,,"Charger 0 (fid=308440) not available, trying Charger 16 (fid=11)",833.8097636064476,16,,
Car 332,,,,66,,arrived,,arrived,833.8124792977433,,,
Car 333,,,,26,,arrived,,arrived,833.9410676670896,,,
Car 322,,,,,16,switch,,"Charger 16 (fid=11) not available, trying Charger 20 (fid=15)",834.0295439012061,20,,
Car 330,,,,,19,switch,,"Charger 19 (fid=14) not available, trying Charger 0 (fid=308440)",834.0494777171879,0,,
Car 306,,,,,11,switch,,"Charger 11 (fid=6) not available, trying Charger 2 (fid=307904)",834.1224133064305,2,,
Car 253,,,,,20,switch,,"Charger 20 (fid=15) not available, trying Charger 14 (fid=9)",834.3749326400798,14,,
Car 288,,,,,4,switch,,"Charger 4 (fid=308108) not available, trying Charger 14 (fid=9)",834.4428464241014,14,,
Car 312,,,,,18,switch,,"Charger 18 (fid=13) not available, trying Charger 2 (fid=307904)",834.5653296465667,2,,
Car 334,,,,61,,arrived,,arrived,835.1978477898556,,,
Car 282,,,,,16,switch,,"Charger 16 (fid=11) not available, trying Charger 7 (fid=2)",835.377754221725,7,,
Car 280,,,,,12,switch,,"Charger 12 (fid=7) not available, trying Charger 19 (fid=14)",835.5722032877818,19,,
Car 244,,,,,17,switch,,"Charger 17 (fid=12) not available, trying Charger 7 (fid=2)",835.6582277239922,7,,
Car 335,,,,4,,arrived,,arrived,835.6693069731114,,,
Car 336,,,,37,,arrived,,arrived,835.6946582243644,,,
Car 281,,,,,17,switch,,"Charger 17 (fid=12) not available, trying Charger 14 (fid=9)",836.4315372814085,14,,
Car 292,,,,,11,switch,,"Charger 11 (fid=6) not available, trying Charger 0 (fid=308440)",836.6930915312857,0,,
Car 239,54.0,7,12,,,done,,done charging,836.8011786476707,,,531.322016572228
Car 316,,7,12,,,start_charge,,starting to charge at Charger 12 (fid=7),836.8011786476707,,27.233091336025268,
Car 283,,,,,18,switch,,"Charger 18 (fid=13) not available, trying Charger 13 (fid=8)",836.9080424053421,13,,
Car 337,,,,52,,arrived,,arrived,837.063967014244,,,
Car 271,,,,,15,switch,,"Charger 15 (fid=10) not available, trying Charger 13 (fid=8)",837.5378609899703,13,,
Car 294,,,,,7,switch,,"Charger 7 (fid=2) not available, trying Charger 11 (fid=6)",837.951456120849,11,,
Car 299,,,,,3,switch,,"Charger 3 (fid=307905) not available, trying Charger 14 (fid=9)",838.4016489142451,14,,
Car 338,,,,7,,arrived,,arrived,838.4274029575561,,,
Car 313,,,,,15,switch,,"Charger 15 (fid=10) not available, trying Charger 13 (fid=8)",838.4400102267185,13,,
Car 311,,,,,10,switch,,"Charger 10 (fid=4) not available, trying Charger 9 (fid=3)",838.4743897777379,9,,
Car 331,,,,,1,switch,,"Charger 1 (fid=308702) not available, trying Charger 5 (fid=5)",838.5538303570279,5,,
Car 315,,,,,11,switch,,"Charger 11 (fid=6) not available, trying Charger 1 (fid=308702)",838.7086367192892,1,,
Car 309,,,,,19,switch,,"Charger 19 (fid=14) not available, trying Charger 16 (fid=11)",838.7201314374416,16,,
Car 258,100.0,308440,0,,,done,,done charging,838.746842208773,,,383.0881224670893
Car 330,,308440,0,,,start_charge,,starting to charge at Charger 0 (fid=308440),838.746842208773,,8.10297002972004,
Car 332,,,,,15,switch,,"Charger 15 (fid=10) not available, trying Charger 14 (fid=9)",838.8124792977433,14,,
Car 277,,,,,10,switch,,"Charger 10 (fid=4) not available, trying Charger 12 (fid=7)",838.8428315755993,12,,
Car 333,,,,,1,switch,,"Charger 1 (fid=308702) not available, trying Charger 18 (fid=13)",838.9410676670896,18,,
Car 326,,,,,14,switch,,"Charger 14 (fid=9) not available, trying Charger 9 (fid=3)",838.9740850562672,9,,
Car 273,,,,,4,switch,,"Charger 4 (fid=308108) not available, trying Charger 1 (fid=308702)",839.0251674879939,1,,
Car 318,,,,,2,switch,,"Charger 2 (fid=307904) not available, trying Charger 3 (fid=307905)",839.0723402475521,3,,
Car 320,,,,,2,switch,,"Charger 2 (fid=307904) not available, trying Charger 3 (fid=307905)",839.1645945036188,3,,
Car 310,,,,,19,switch,,"Charger 19 (fid=14) not available, trying Charger 16 (fid=11)",839.2125555555436,16,,
Car 245,,,,,20,switch,,"Charger 20 (fid=15) not available, trying Charger 7 (fid=2)",839.2327385745351,7,,
Car 339,,,,117,,arrived,,arrived,839.2691314059089,,,
Car 247,,,,,8,switch,,"Charger 8 (fid=91) not available, trying Charger 7 (fid=2)",839.4793837157407,7,,
Car 321,,,,,2,switch,,"Charger 2 (fid=307904) not available, trying Charger 3 (fid=307905)",839.5993860419399,3,,
Car 305,,,,,10,switch,,"Charger 10 (fid=4) not available, trying Charger 2 (fid=307904)",839.7421427034766,2,,
Car 340,,,,57,,arrived,,arrived,839.7869501047808,,,
Car 303,,,,,2,switch,,"Charger 2 (fid=307904) not available, trying Charger 3 (fid=307905)",839.7877201806651,3,,
Car 334,,,,,9,switch,,"Charger 9 (fid=3) not available, trying Charger 14 (fid=9)",840.1978477898556,14,,
Car 249,,,,,9,switch,,"Charger 9 (fid=3) not available, trying Charger 15 (fid=10)",840.3375774071015,15,,
Car 267,,,,,18,switch,,"Charger 18 (fid=13) not available, trying Charger 4 (fid=308108)",840.3558050799347,4,,
Car 236,,,,,,gave_up,20,"no alternate charger available, gave up",840.6504566012607,,,
Car 335,,,,,11,switch,,"Charger 11 (fid=6) not available, trying Charger 16 (fid=11)",840.6693069731114,16,,
Car 336,,,,,10,switch,,"Charger 10 (fid=4) not available, trying Charger 5 (fid=5)",840.6946582243644,5,,
Car 289,51.0,4,10,,,done,,done charging,840.8652017859692,,,348.3823209324731
Car 252,97.0,6,11,,,done,,done charging,841.0435987442884,,,254.8290044465738
Car 293,,6,11,,,start_charge,,starting to charge at Charger 11 (fid=6),841.0435987442884,,44.29760307643892,
Car 328,,,,,18,switch,,"Charger 18 (fid=13) not available, trying Charger 11 (fid=6)",841.4100685435433,11,,
Car 307,48.0,10,15,,,done,,done charging,841.6182147861975,,,26.679364814732487
Car 275,111.0,91,8,,,done,,done charging,841.6601224625258,,,95.48681310494425
Car 295,,91,8,,,start_charge,,starting to charge at Charger 8 (fid=91),841.6601224625258,,48.421336174534076,
Car 298,,,,,2,switch,,"Charger 2 (fid=307904) not available, trying Charger 3 (fid=307905)",841.7512654665669,3,,
Car 319,,,,,12,switch,,"Charger 12 (fid=7) not available, trying Charger 6 (fid=1)",841.7669950125202,6,,
Car 329,,,,,16,switch,,"Charger 16 (fid=11) not available, trying Charger 18 (fid=13)",841.785613911092,18,,
Car 341,,,,61,,arrived,,arrived,841.904941029508,,,
Car 337,,,,,6,switch,,"Charger 6 (fid=1) not available, trying Charger 12 (fid=7)",842.063967014244,12,,
Car 300,,,,,19,switch,,"Charger 19 (fid=14) not available, trying Charger 11 (fid=6)",842.1789972365069,11,,
Car 297,,,,,11,switch,,"Charger 11 (fid=6) not available, trying Charger 19 (fid=14)",842.3844417595376,19,,
Car 306,,,,,2,switch,,"Charger 2 (fid=307904) not available, trying Charger 3 (fid=307905)",842.44709754489,3,,
Car 266,61.0,1,6,,,done,,done charging,842.594308144335,,,327.9332653056076
Car 291,,,,,14,switch,,"Charger 14 (fid=9) not available, trying Charger 10 (fid=4)",842.7396093963048,10,,
Car 290,,,,,18,switch,,"Charger 18 (fid=13) not available, trying Charger 13 (fid=8)",842.9999644324274,13,,
Car 338,,,,,12,switch,,"Charger 12 (fid=7) not available, trying Charger 4 (fid=308108)",843.4274029575561,4,,
Car 342,,,,56,,arrived,,arrived,843.6754010075557,,,
Car 319,,1,6,,,start_charge,,starting to charge at Charger 6 (fid=1),843.6914339007382,,25.0,
Car 271,,,,,13,switch,,"Charger 13 (fid=8) not available, trying Charger 19 (fid=14)",843.9168460445616,19,,
Car 339,,,,,2,switch,,"Charger 2 (fid=307904) not available, trying Charger 3 (fid=307905)",844.2691314059089,3,,
Car 318,,,,,3,switch,,"Charger 3 (fid=307905) not available, trying Charger 18 (fid=13)",844.3359664291162,18,,
Car 320,,,,,3,switch,,"Charger 3 (fid=307905) not available, trying Charger 16 (fid=11)",844.4282206851829,16,,
Car 244,,,,,7,switch,,"Charger 7 (fid=2) not available, trying Charger 1 (fid=308702)",844.5340653374909,1,,
Car 322,,,,,20,switch,,"Charger 20 (fid=15) not available, trying Charger 15 (fid=10)",844.5714889953837,15,,
Car 272,88.0,7,12,,,done,,done charging,844.6407376929485,,,160.30575938856296
Car 337,,7,12,,,start_charge,,starting to charge at Charger 12 (fid=7),844.6407376929485,,5.652331790486528,
Car 340,,,,,19,switch,,"Charger 19 (fid=14) not available, trying Charger 0 (fid=308440)",844.7869501047808,0,,
Car 313,,,,,13,switch,,"Charger 13 (fid=8) not available, trying Charger 19 (fid=14)",844.8189952813098,19,,
Car 321,,,,,3,switch,,"Charger 3 (fid=307905) not available, trying Charger 12 (fid=7)",844.8630122235039,12,,
Car 249,,10,15,,,start_charge,,starting to charge at Charger 15 (fid=10),844.9376013293609,,85.0,
Car 303,,,,,3,switch,,"Charger 3 (fid=307905) not available, trying Charger 14 (fid=9)",845.0513463622292,14,,
Car 263,,,,,4,switch,,"Charger 4 (fid=308108) not available, trying Charger 2 (fid=307904)",845.1867474174658,2,,
Car 288,,,,,14,switch,,"Charger 14 (fid=9) not available, trying Charger 0 (fid=308440)",845.2361222806572,0,,
Car 332,,,,,14,switch,,"Charger 14 (fid=9) not available, trying Charger 9 (fid=3)",845.3473906539598,9,,
Car 282,,,,,7,switch,,"Charger 7 (fid=2) not available, trying Charger 4 (fid=308108)",845.4845752194819,4,,
Car 264,,,,,8,switch,,"Charger 8 (fid=91) not available, trying Charger 5 (fid=5)",845.5429482596103,5,,
Car 253,,,,,14,switch,,"Charger 14 (fid=9) not available, trying Charger 9 (fid=3)",845.5439704494888,9,,
Car 312,,,,,2,switch,,"Charger 2 (fid=307904) not available, trying Charger 3 (fid=307905)",845.6162918761238,3,,
Car 343,,,,4,,arrived,,arrived,845.8057554984786,,,
Car 343,,4,10,,,start_charge,,starting to charge at Charger 10 (fid=4),845.8057554984786,,0.0,
Car 292,,,,,0,switch,,"Charger 0 (fid=308440) not available, trying Charger 1 (fid=308702)",845.8616225201386,1,,
Car 309,,,,,16,switch,,"Charger 16 (fid=11) not available, trying Charger 13 (fid=8)",845.9500636743788,13,,
Car 280,,,,,19,switch,,"Charger 19 (fid=14) not available, trying Charger 4 (fid=308108)",846.109442066893,4,,
Car 333,,,,,18,switch,,"Charger 18 (fid=13) not available, trying Charger 5 (fid=5)",846.1242586049499,5,,
Car 247,,,,,7,switch,,"Charger 7 (fid=2) not available, trying Charger 4 (fid=308108)",846.3063749027694,4,,
Car 310,,,,,16,switch,,"Charger 16 (fid=11) not available, trying Charger 13 (fid=8)",846.4424877924808,13,,
Car 336,,,,,5,switch,,"Charger 5 (fid=5) not available, trying Charger 14 (fid=9)",846.5830582727524,14,,
Car 341,,,,,9,switch,,"Charger 9 (fid=3) not available, trying Charger 14 (fid=9)",846.904941029508,14,,
Car 298,,,,,3,switch,,"Charger 3 (fid=307905) not available, trying Charger 18 (fid=13)",847.014891648131,18,,
Car 331,,,,,5,switch,,"Charger 5 (fid=5) not available, trying Charger 10 (fid=4)",847.1089437144478,10,,
Car 262,71.0,13,18,,,done,,done charging,847.1265219301513,,,332.501680563993
Car 329,,13,18,,,start_charge,,starting to charge at Charger 18 (fid=13),847.1265219301513,,15.741140059096438,
Car 344,,,,71,,arrived,,arrived,847.3062757867403,,,
Car 294,,,,,11,switch,,"Charger 11 (fid=6) not available, trying Charger 17 (fid=12)",847.6173256269931,17,,
Car 306,,,,,3,switch,,"Charger 3 (fid=307905) not available, trying Charger 14 (fid=9)",847.710723726454,14,,
Car 335,,,,,16,switch,,"Charger 16 (fid=11) not available, trying Charger 6 (fid=1)",847.8337031065646,6,,
Car 326,,,,,9,switch,,"Charger 9 (fid=3) not available, trying Charger 15 (fid=10)",848.0618383574825,15,,
Car 281,,,,,14,switch,,"Charger 14 (fid=9) not available, trying Charger 15 (fid=10)",848.1463352558058,15,,
Car 261,97.0,308702,1,,,done,,done charging,848.2401341949845,,,270.1505183671852
Car 315,,308702,1,,,start_charge,,starting to charge at Charger 1 (fid=308702),848.2401341949845,,29.31438563454651,
Car 245,,,,,7,switch,,"Charger 7 (fid=2) not available, trying Charger 8 (fid=91)",848.4449604907899,8,,
Car 283,,,,,13,switch,,"Charger 13 (fid=8) not available, trying Charger 15 (fid=10)",848.5753510447979,15,,
Car 342,,,,,19,switch,,"Charger 19 (fid=14) not available, trying Charger 0 (fid=308440)",848.6754010075557,0,,
Car 345,,,,77,,arrived,,arrived,848.9236226338148,,,
Car 334,,,,,14,switch,,"Charger 14 (fid=9) not available, trying Charger 16 (fid=11)",849.2856010910709,16,,
Car 346,,,,56,,arrived,,arrived,849.4511621078736,,,
Car 299,,,,,14,switch,,"Charger 14 (fid=9) not available, trying Charger 6 (fid=1)",849.4862150495948,6,,
Car 339,,,,,3,switch,,"Charger 3 (fid=307905) not available, trying Charger 6 (fid=1)",849.5327575874729,6,,
Car 274,66.0,308702,1,,,done,,done charging,849.7734642897802,,,403.9345218681997
Car 273,,308702,1,,,start_charge,,starting to charge at Charger 1 (fid=308702),849.7734642897802,,67.35022067153898,
Car 347,,,,62,,arrived,,arrived,849.7991767814341,,,
Car 311,,,,,9,switch,,"Charger 9 (fid=3) not available, trying Charger 19 (fid=14)",850.0638858816466,19,,
Car 338,,,,,4,switch,,"Charger 4 (fid=308108) not available, trying Charger 6 (fid=1)",850.0897322929866,6,,
Car 285,86.0,5,5,,,done,,done charging,850.3626242758677,,,147.52671189997855
Car 300,,,,,11,switch,,"Charger 11 (fid=6) not available, trying Charger 0 (fid=308440)",850.389813990293,0,,
Car 297,,,,,19,switch,,"Charger 19 (fid=14) not available, trying Charger 16 (fid=11)",850.5952585133236,16,,
Car 312,,,,,3,switch,,"Charger 3 (fid=307905) not available, trying Charger 14 (fid=9)",850.8799180576879,14,,
Car 291,,,,,10,switch,,"Charger 10 (fid=4) not available, trying Charger 6 (fid=1)",851.0121906369659,6,,
Car 277,,,,,12,switch,,"Charger 12 (fid=7) not available, trying Charger 5 (fid=5)",851.2660655022205,5,,
Car 340,,,,,0,switch,,"Charger 0 (fid=308440) not available, trying Charger 16 (fid=11)",851.3813445666459,16,,
Car 333,,5,5,,,start_charge,,starting to charge at Charger 5 (fid=5),851.4975266778375,,10.0,
Car 305,,,,,2,switch,,"Charger 2 (fid=307904) not available, trying Charger 3 (fid=307905)",851.6994519767744,3,,
Car 276,59.0,9,14,,,done,,done charging,851.9390343927274,,,289.2628521161551
Car 336,,9,14,,,start_charge,,starting to charge at Charger 14 (fid=9),851.9390343927274,,11.70253721167012,
Car 282,,,,,4,switch,,"Charger 4 (fid=308108) not available, trying Charger 18 (fid=13)",852.0873596194411,18,,
Car 284,78.0,1,6,,,done,,done charging,852.1250942424127,,,194.59952929982626
Car 345,,1,6,,,start_charge,,starting to charge at Charger 6 (fid=1),852.1250942424127,,3.201471608597899,
Car 328,,,,,11,switch,,"Charger 11 (fid=6) not available, trying Charger 16 (fid=11)",852.214480952811,16,,
Car 344,,,,,19,switch,,"Charger 19 (fid=14) not available, trying Charger 0 (fid=308440)",852.3062757867403,0,,
Car 321,,,,,12,switch,,"Charger 12 (fid=7) not available, trying Charger 0 (fid=308440)",852.4585414670147,0,,
Car 247,,,,,4,switch,,"Charger 4 (fid=308108) not available, trying Charger 20 (fid=15)",852.9091593027287,20,,
Car 331,,,,,10,switch,,"Charger 10 (fid=4) not available, trying Charger 18 (fid=13)",852.9973437628358,18,,
Car 320,,,,,16,switch,,"Charger 16 (fid=11) not available, trying Charger 9 (fid=3)",853.2630161420806,9,,
Car 263,,,,,2,switch,,"Charger 2 (fid=307904) not available, trying Charger 3 (fid=307905)",853.6928804320971,3,,
Car 271,,,,,19,switch,,"Charger 19 (fid=14) not available, trying Charger 10 (fid=4)",853.7605642576169,10,,
Car 292,,,,,1,switch,,"Charger 1 (fid=308702) not available, trying Charger 6 (fid=1)",853.972075147537,6,,
Car 348,,,,50,,arrived,,arrived,854.3009676348025,,,
Car 267,,,,,4,switch,,"Charger 4 (fid=308108) not available, trying Charger 2 (fid=307904)",854.341181778301,2,,
Car 224,90.0,3,9,,,done,,done charging,854.3559140075465,,,458.0610909877404
Car 332,,3,9,,,start_charge,,starting to charge at Charger 9 (fid=3),854.3559140075465,,14.920770052371381,
Car 309,,,,,13,switch,,"Charger 13 (fid=8) not available, trying Charger 15 (fid=10)",854.3592139598749,15,,
Car 346,,,,,19,switch,,"Charger 19 (fid=14) not available, trying Charger 0 (fid=308440)",854.4511621078736,0,,
Car 253,,,,,9,switch,,"Charger 9 (fid=3) not available, trying Charger 15 (fid=10)",854.6317237507042,15,,
Car 313,,,,,19,switch,,"Charger 19 (fid=14) not available, trying Charger 6 (fid=1)",854.6627134943651,6,,
Car 290,,,,,13,switch,,"Charger 13 (fid=8) not available, trying Charger 15 (fid=10)",854.6672730718832,15,,
Car 281,,,,,15,switch,,"Charger 15 (fid=10) not available, trying Charger 13 (fid=8)",854.6812466120223,13,,
Car 347,,,,,16,switch,,"Charger 16 (fid=11) not available, trying Charger 11 (fid=6)",854.7991767814341,11,,
Car 310,,,,,13,switch,,"Charger 13 (fid=8) not available, trying Charger 15 (fid=10)",854.8516380779769,15,,
Car 283,,,,,15,switch,,"Charger 15 (fid=10) not available, trying Charger 2 (fid=307904)",854.9543360993891,2,,
Car 288,,,,,0,switch,,"Charger 0 (fid=308440) not available, trying Charger 20 (fid=15)",855.0537363826355,20,,
Car 342,,,,,0,switch,,"Charger 0 (fid=308440) not available, trying Charger 16 (fid=11)",855.2697954694208,16,,
Car 245,,,,,,gave_up,8,"no alternate charger available, gave up",855.2719516778186,,,
Car 318,,,,,18,switch,,"Charger 18 (fid=13) not available, trying Charger 6 (fid=1)",855.403265490294,6,,
Car 339,,,,,6,switch,,"Charger 6 (fid=1) not available, trying Charger 17 (fid=12)",855.7389479804143,17,,
Car 349,,,,19,,arrived,,arrived,855.7401475393149,,,
Car 341,,,,,14,switch,,"Charger 14 (fid=9) not available, trying Charger 16 (fid=11)",855.9926943307233,16,,
Car 303,,,,,14,switch,,"Charger 14 (fid=9) not available, trying Charger 10 (fid=4)",856.1359124975788,10,,
Car 322,,,,,15,switch,,"Charger 15 (fid=10) not available, trying Charger 11 (fid=6)",856.2551027278822,11,,
Car 335,,,,,6,switch,,"Charger 6 (fid=1) not available, trying Charger 2 (fid=307904)",856.5913380868813,2,,
Car 334,,,,,16,switch,,"Charger 16 (fid=11) not available, trying Charger 20 (fid=15)",856.8155236589035,20,,
Car 294,,,,,17,switch,,"Charger 17 (fid=12) not available, trying Charger 14 (fid=9)",856.9140573305352,14,,
Car 305,,,,,3,switch,,"Charger 3 (fid=307905) not available, trying Charger 18 (fid=13)",856.9630781583385,18,,
Car 255,81.0,3,9,,,done,,done charging,857.0766297921211,,,318.9659276442803
Car 348,,3,9,,,start_charge,,starting to charge at Charger 9 (fid=3),857.0766297921211,,2.7756621573186067,
Car 350,,,,74,,arrived,,arrived,857.3433913036,,,
Car 280,,,,,4,switch,,"Charger 4 (fid=308108) not available, trying Charger 2 (fid=307904)",857.5736214487457,2,,
Car 326,,,,,15,switch,,"Charger 15 (fid=10) not available, trying Charger 13 (fid=8)",857.6618622797419,13,,
Car 244,,,,,1,switch,,"Charger 1 (fid=308702) not available, trying Charger 18 (fid=13)",857.747181157216,18,,
Car 297,,,,,16,switch,,"Charger 16 (fid=11) not available, trying Charger 0 (fid=308440)",857.8251907502608,0,,
Car 338,,,,,6,switch,,"Charger 6 (fid=1) not available, trying Charger 7 (fid=2)",857.9411117839461,7,,
Car 351,,,,69,,arrived,,arrived,857.9528149065268,,,
Car 298,,,,,18,switch,,"Charger 18 (fid=13) not available, trying Charger 5 (fid=5)",858.0821907093087,5,,
Car 306,,,,,14,switch,,"Charger 14 (fid=9) not available, trying Charger 6 (fid=1)",858.7952898618037,6,,
Car 344,,,,,0,switch,,"Charger 0 (fid=308440) not available, trying Charger 16 (fid=11)",858.9006702486055,16,,
Car 263,,,,,3,switch,,"Charger 3 (fid=307905) not available, trying Charger 20 (fid=15)",858.9565066136612,20,,
Car 352,,,,5,,arrived,,arrived,858.9911029109109,,,
Car 340,,,,,16,switch,,"Charger 16 (fid=11) not available, trying Charger 18 (fid=13)",859.3571948712903,18,,
Car 328,,,,,16,switch,,"Charger 16 (fid=11) not available, trying Charger 2 (fid=307904)",859.3788770862642,2,,
Car 192,115.0,308108,4,,,done,,done charging,859.5009162999315,,,551.9517390154376
Car 300,,,,,0,switch,,"Charger 0 (fid=308440) not available, trying Charger 18 (fid=13)",859.5583449791458,18,,
Car 299,,,,,6,switch,,"Charger 6 (fid=1) not available, trying Charger 17 (fid=12)",859.9655267108507,17,,
Car 264,,,,,5,switch,,"Charger 5 (fid=5) not available, trying Charger 13 (fid=8)",859.9895057063306,13,,
Car 309,,,,,15,switch,,"Charger 15 (fid=10) not available, trying Charger 14 (fid=9)",860.7381990144661,14,,
Car 349,,,,,0,switch,,"Charger 0 (fid=308440) not available, trying Charger 19 (fid=14)",860.7401475393149,19,,
Car 346,,,,,0,switch,,"Charger 0 (fid=308440) not available, trying Charger 16 (fid=11)",861.0455565697388,16,,
Car 290,,,,,15,switch,,"Charger 15 (fid=10) not available, trying Charger 2 (fid=307904)",861.0462581264744,2,,
Car 281,,,,,13,switch,,"Charger 13 (fid=8) not available, trying Charger 19 (fid=14)",861.0602316666135,19,,
Car 311,,,,,19,switch,,"Charger 19 (fid=14) not available, trying Charger 11 (fid=6)",861.0881917904951,11,,
Car 310,,,,,15,switch,,"Charger 15 (fid=10) not available, trying Charger 14 (fid=9)",861.2306231325681,14,,
Car 347,,,,,11,switch,,"Charger 11 (fid=6) not available, trying Charger 14 (fid=9)",861.9635729148873,14,,
Car 312,,,,,14,switch,,"Charger 14 (fid=9) not available, trying Charger 1 (fid=308702)",861.9644841930375,1,,
Car 247,,,,,,gave_up,20,"no alternate charger available, gave up",862.1494518948624,,,
Car 350,,,,,2,switch,,"Charger 2 (fid=307904) not available, trying Charger 3 (fid=307905)",862.3433913036,3,,
Car 320,,,,,9,switch,,"Charger 9 (fid=3) not available, trying Charger 7 (fid=2)",862.3733466507398,7,,
Car 339,,,,,17,switch,,"Charger 17 (fid=12) not available, trying Charger 0 (fid=308440)",862.5095343312042,0,,
Car 335,,,,,2,switch,,"Charger 2 (fid=307904) not available, trying Charger 3 (fid=307905)",862.7811916482018,3,,
Car 267,,,,,2,switch,,"Charger 2 (fid=307904) not available, trying Charger 3 (fid=307905)",862.8473147929324,3,,
Car 291,,,,,6,switch,,"Charger 6 (fid=1) not available, trying Charger 17 (fid=12)",862.9498858530048,17,,
Car 351,,,,,0,switch,,"Charger 0 (fid=308440) not available, trying Charger 19 (fid=14)",862.9528149065268,19,,
Car 331,,,,,18,switch,,"Charger 18 (fid=13) not available, trying Charger 0 (fid=308440)",863.1646142687201,0,,
Car 342,,,,,16,switch,,"Charger 16 (fid=11) not available, trying Charger 18 (fid=13)",863.2456457740652,18,,
Car 271,,,,,10,switch,,"Charger 10 (fid=4) not available, trying Charger 0 (fid=308440)",863.3658319333734,0,,
Car 341,,,,,16,switch,,"Charger 16 (fid=11) not available, trying Charger 20 (fid=15)",863.522616898556,20,,
Car 278,117.0,6,11,,,done,,done charging,863.7647472173084,,,195.74335520353986
Car 322,,6,11,,,start_charge,,starting to charge at Charger 11 (fid=6),863.7647472173084,,27.525535517383673,
Car 321,,,,,0,switch,,"Charger 0 (fid=308440) not available, trying Charger 17 (fid=12)",863.8930599073211,17,,
Car 277,,,,,5,switch,,"Charger 5 (fid=5) not available, trying Charger 13 (fid=8)",863.8952969958451,13,,
Car 313,,,,,6,switch,,"Charger 6 (fid=1) not available, trying Charger 2 (fid=307904)",863.9840509695689,2,,
Car 352,,,,,5,switch,,"Charger 5 (fid=5) not available, trying Charger 10 (fid=4)",863.9911029109109,10,,
Car 326,,,,,13,switch,,"Charger 13 (fid=8) not available, trying Charger 19 (fid=14)",864.0408473343331,19,,
Car 253,,,,,15,switch,,"Charger 15 (fid=10) not available, trying Charger 13 (fid=8)",864.2317476729635,13,,
Car 303,,,,,10,switch,,"Charger 10 (fid=4) not available, trying Charger 6 (fid=1)",864.4084937382399,6,,
Car 223,105.0,15,20,,,done,,done charging,864.9009322337618,,,402.30159102763844
Car 334,,15,20,,,start_charge,,starting to charge at Charger 20 (fid=15),864.9009322337618,,17.543463480680657,
Car 244,,,,,18,switch,,"Charger 18 (fid=13) not available, trying Charger 8 (fid=91)",864.9303720950763,8,,
Car 338,,,,,7,switch,,"Charger 7 (fid=2) not available, trying Charger 2 (fid=307904)",865.5814630843034,2,,
Car 297,,,,,0,switch,,"Charger 0 (fid=308440) not available, trying Charger 9 (fid=3)",865.8010410549052,9,,
Car 292,,,,,6,switch,,"Charger 6 (fid=1) not available, trying Charger 12 (fid=7)",865.8360049498218,12,,
Car 282,,,,,18,switch,,"Charger 18 (fid=13) not available, trying Charger 1 (fid=308702)",866.0727363178074,1,,
Car 280,,,,,2,switch,,"Charger 2 (fid=307904) not available, trying Charger 3 (fid=307905)",866.0797544633771,3,,
Car 286,91.0,12,17,,,done,,done charging,866.3124210658544,,,275.46395408232695
Car 299,,12,17,,,start_charge,,starting to charge at Charger 17 (fid=12),866.3124210658544,,54.57630800421384,
Car 283,,,,,2,switch,,"Charger 2 (fid=307904) not available, trying Charger 3 (fid=307905)",866.5907413776099,3,,
Car 300,,,,,18,switch,,"Charger 18 (fid=13) not available, trying Charger 9 (fid=3)",866.7855381984477,9,,
Car 344,,,,,16,switch,,"Charger 16 (fid=11) not available, trying Charger 18 (fid=13)",866.8765205532499,18,,
Car 309,,,,,14,switch,,"Charger 14 (fid=9) not available, trying Charger 11 (fid=6)",867.2731103706826,11,,
Car 349,,,,,19,switch,,"Charger 19 (fid=14) not available, trying Charger 18 (fid=13)",867.33454200118,18,,
Car 318,,,,,6,switch,,"Charger 6 (fid=1) not available, trying Charger 17 (fid=12)",867.3967919312282,17,,
Car 350,,,,,3,switch,,"Charger 3 (fid=307905) not available, trying Charger 6 (fid=1)",867.6070174851641,6,,
Car 310,,,,,14,switch,,"Charger 14 (fid=9) not available, trying Charger 11 (fid=6)",867.7655344887846,11,,
Car 264,,,,,13,switch,,"Charger 13 (fid=8) not available, trying Charger 15 (fid=10)",867.9248736459504,15,,
Car 305,,,,,18,switch,,"Charger 18 (fid=13) not available, trying Charger 5 (fid=5)",868.0303772195163,5,,
Car 335,,,,,3,switch,,"Charger 3 (fid=307905) not available, trying Charger 12 (fid=7)",868.0448178297659,12,,
Car 267,,,,,3,switch,,"Charger 3 (fid=307905) not available, trying Charger 20 (fid=15)",868.1109409744964,20,,
Car 328,,,,,2,switch,,"Charger 2 (fid=307904) not available, trying Charger 3 (fid=307905)",868.1973357115412,3,,
Car 288,,,,,20,switch,,"Charger 20 (fid=15) not available, trying Charger 9 (fid=3)",868.2784970883739,9,,
Car 203,115.0,2,7,,,done,,done charging,868.4124155612138,,,521.8671487248137
Car 298,,,,,5,switch,,"Charger 5 (fid=5) not available, trying Charger 13 (fid=8)",868.4554587821964,13,,
Car 294,,,,,14,switch,,"Charger 14 (fid=9) not available, trying Charger 8 (fid=91)",868.6288553049325,8,,
Car 320,,2,7,,,start_charge,,starting to charge at Charger 7 (fid=2),868.8831327775166,,40.0,
Car 340,,,,,18,switch,,"Charger 18 (fid=13) not available, trying Charger 1 (fid=308702)",868.9569628312531,1,,
Car 346,,,,,16,switch,,"Charger 16 (fid=11) not available, trying Charger 18 (fid=13)",869.0214068743832,18,,
Car 263,,,,,20,switch,,"Charger 20 (fid=15) not available, trying Charger 17 (fid=12)",869.2606407619132,17,,
Car 306,,,,,6,switch,,"Charger 6 (fid=1) not available, trying Charger 17 (fid=12)",869.2746015230596,17,,
Car 311,,,,,11,switch,,"Charger 11 (fid=6) not available, trying Charger 0 (fid=308440)",869.2990085442812,0,,
Car 351,,,,,19,switch,,"Charger 19 (fid=14) not available, trying Charger 18 (fid=13)",869.5472093683919,18,,
Car 324,47.0,5,5,,,done,,done charging,869.6348914451507,,,181.46240868517273
Car 291,,,,,17,switch,,"Charger 17 (fid=12) not available, trying Charger 5 (fid=5)",869.7204722037948,5,,
Car 352,,,,,10,switch,,"Charger 10 (fid=4) not available, trying Charger 13 (fid=8)",869.8795029592989,13,,
Car 313,,,,,2,switch,,"Charger 2 (fid=307904) not available, trying Charger 3 (fid=307905)",870.1739045308894,3,,
Car 296,86.0,9,14,,,done,,done charging,870.3282758521416,,,200.13849421509497
Car 347,,9,14,,,start_charge,,starting to charge at Charger 14 (fid=9),870.3282758521416,,13.948769939703766,
Car 331,,,,,0,switch,,"Charger 0 (fid=308440) not available, trying Charger 13 (fid=8)",870.3918074880221,13,,
Car 253,,,,,13,switch,,"Charger 13 (fid=8) not available, trying Charger 10 (fid=4)",870.6107327275547,10,,
Car 281,,,,,19,switch,,"Charger 19 (fid=14) not available, trying Charger 10 (fid=4)",870.9039498796689,10,,
Car 280,,,,,3,switch,,"Charger 3 (fid=307905) not available, trying Charger 0 (fid=308440)",871.3433806449411,0,,
Car 353,,,,23,,arrived,,arrived,871.4620253050562,,,
Car 353,,5,5,,,start_charge,,starting to charge at Charger 5 (fid=5),871.4620253050562,,0.0,
Car 277,,,,,13,switch,,"Charger 13 (fid=8) not available, trying Charger 15 (fid=10)",871.8306649354648,15,,
Car 283,,,,,3,switch,,"Charger 3 (fid=307905) not available, trying Charger 6 (fid=1)",871.854367559174,6,,
Car 312,,,,,1,switch,,"Charger 1 (fid=308702) not available, trying Charger 6 (fid=1)",871.8857359283237,6,,
Car 290,,,,,2,switch,,"Charger 2 (fid=307904) not available, trying Charger 3 (fid=307905)",872.6826634046952,3,,
Car 292,,,,,12,switch,,"Charger 12 (fid=7) not available, trying Charger 4 (fid=308108)",872.7604438380398,4,,
Car 339,,,,,0,switch,,"Charger 0 (fid=308440) not available, trying Charger 12 (fid=7)",872.8180692951803,12,,
Car 354,,,,1,,arrived,,arrived,872.8281152455668,,,
Car 342,,,,,18,switch,,"Charger 18 (fid=13) not available, trying Charger 1 (fid=308702)",872.845413734028,1,,
Car 282,,,,,1,switch,,"Charger 1 (fid=308702) not available, trying Charger 20 (fid=15)",873.2559272556678,20,,
Car 323,47.0,11,16,,,done,,done charging,873.2668592889199,,,173.53830834201761
Car 209,113.0,308108,4,,,done,,done charging,873.3432636928204,,,616.6337925912508
Car 328,,,,,3,switch,,"Charger 3 (fid=307905) not available, trying Charger 1 (fid=308702)",873.4609618931053,1,,
Car 271,,,,,0,switch,,"Charger 0 (fid=308440) not available, trying Charger 5 (fid=5)",873.7170176768371,5,,
Car 350,,,,,6,switch,,"Charger 6 (fid=1) not available, trying Charger 17 (fid=12)",873.8132078781055,17,,
Car 338,,,,,2,switch,,"Charger 2 (fid=307904) not available, trying Charger 3 (fid=307905)",873.8765679083327,3,,
Car 326,,,,,19,switch,,"Charger 19 (fid=14) not available, trying Charger 6 (fid=1)",873.8845655473884,6,,
Car 341,,,,,20,switch,,"Charger 20 (fid=15) not available, trying Charger 15 (fid=10)",874.0645619927335,15,,
Car 318,,,,,17,switch,,"Charger 17 (fid=12) not available, trying Charger 1 (fid=308702)",874.1673782820181,1,,
Car 321,,,,,17,switch,,"Charger 17 (fid=12) not available, trying Charger 14 (fid=9)",874.2015948712972,14,,
Car 264,,,,,15,switch,,"Charger 15 (fid=10) not available, trying Charger 7 (fid=2)",874.3038587005416,7,,
Car 292,,308108,4,,,start_charge,,starting to charge at Charger 4 (fid=308108),874.4227731734703,,65.0,
Car 287,65.0,12,17,,,done,,done charging,874.9177143025848,,,306.4635225549187
Car 306,,12,17,,,start_charge,,starting to charge at Charger 17 (fid=12),874.9177143025848,,53.87252642873534,
Car 313,,,,,3,switch,,"Charger 3 (fid=307905) not available, trying Charger 10 (fid=4)",875.4375307124535,10,,
Car 349,,,,,18,switch,,"Charger 18 (fid=13) not available, trying Charger 16 (fid=11)",875.5528541183636,16,,
Car 335,,,,,12,switch,,"Charger 12 (fid=7) not available, trying Charger 17 (fid=12)",875.6403470732766,17,,
Car 340,,,,,1,switch,,"Charger 1 (fid=308702) not available, trying Charger 14 (fid=9)",876.1401537691135,14,,
Car 303,,,,,6,switch,,"Charger 6 (fid=1) not available, trying Charger 17 (fid=12)",876.3461889542789,17,,
Car 298,,,,,13,switch,,"Charger 13 (fid=8) not available, trying Charger 6 (fid=1)",876.3908267218161,6,,
Car 344,,,,,18,switch,,"Charger 18 (fid=13) not available, trying Charger 11 (fid=6)",876.4762885132127,11,,
Car 309,,,,,11,switch,,"Charger 11 (fid=6) not available, trying Charger 2 (fid=307904)",876.6890433682331,2,,
Car 288,,,,,9,switch,,"Charger 9 (fid=3) not available, trying Charger 8 (fid=91)",876.7100223403603,8,,
Car 310,,,,,11,switch,,"Charger 11 (fid=6) not available, trying Charger 2 (fid=307904)",877.1814674863351,2,,
Car 352,,,,,13,switch,,"Charger 13 (fid=8) not available, trying Charger 1 (fid=308702)",877.3448077786712,1,,
Car 297,,,,,9,switch,,"Charger 9 (fid=3) not available, trying Charger 14 (fid=9)",877.6244937225948,14,,
Car 351,,,,,18,switch,,"Charger 18 (fid=13) not available, trying Charger 16 (fid=11)",877.7655214855755,16,,
Car 354,,,,,6,switch,,"Charger 6 (fid=1) not available, trying Charger 2 (fid=307904)",877.8281152455668,2,,
Car 290,,,,,3,switch,,"Charger 3 (fid=307905) not available, trying Charger 6 (fid=1)",877.9462895862592,6,,
Car 283,,,,,6,switch,,"Charger 6 (fid=1) not available, trying Charger 17 (fid=12)",878.0605579521153,17,,
Car 253,,,,,10,switch,,"Charger 10 (fid=4) not available, trying Charger 5 (fid=5)",878.0760375469271,5,,
Car 277,,,,,15,switch,,"Charger 15 (fid=10) not available, trying Charger 9 (fid=3)",878.209649990056,9,,
Car 305,,,,,5,switch,,"Charger 5 (fid=5) not available, trying Charger 13 (fid=8)",878.4036452924039,13,,
Car 267,,,,,20,switch,,"Charger 20 (fid=15) not available, trying Charger 17 (fid=12)",878.4150751227485,17,,
Car 311,,,,,0,switch,,"Charger 0 (fid=308440) not available, trying Charger 1 (fid=308702)",878.467539533134,1,,
Car 346,,,,,18,switch,,"Charger 18 (fid=13) not available, trying Charger 1 (fid=308702)",878.621174834346,1,,
Car 244,,,,,,gave_up,8,"no alternate charger available, gave up",878.6456895229824,,,
Car 338,,,,,3,switch,,"Charger 3 (fid=307905) not available, trying Charger 8 (fid=91)",879.1401940898968,8,,
Car 355,,,,61,,arrived,,arrived,879.3107617266296,,,
Car 342,,,,,1,switch,,"Charger 1 (fid=308702) not available, trying Charger 14 (fid=9)",880.0286046718884,14,,
Car 263,,,,,17,switch,,"Charger 17 (fid=12) not available, trying Charger 7 (fid=2)",880.129170868014,7,,
Car 349,,11,16,,,start_charge,,starting to charge at Charger 16 (fid=11),880.1526220783264,,15.0,
Car 300,,,,,9,switch,,"Charger 9 (fid=3) not available, trying Charger 6 (fid=1)",880.2329085214558,6,,
Car 281,,,,,10,switch,,"Charger 10 (fid=4) not available, trying Charger 0 (fid=308440)",880.5092175554254,0,,
Car 350,,,,,17,switch,,"Charger 17 (fid=12) not available, trying Charger 0 (fid=308440)",880.5837942288954,0,,
Car 280,,,,,0,switch,,"Charger 0 (fid=308440) not available, trying Charger 17 (fid=12)",880.6962049754552,17,,
Car 356,,,,7,,arrived,,arrived,880.841781923475,,,
Car 331,,,,,13,switch,,"Charger 13 (fid=8) not available, trying Charger 15 (fid=10)",880.9814437687846,15,,
Car 294,,,,,8,switch,,"Charger 8 (fid=91) not available, trying Charger 15 (fid=10)",881.0608627393599,15,,
Car 357,,,,67,,arrived,,arrived,882.1189937765856,,,
Car 291,,,,,5,switch,,"Charger 5 (fid=5) not available, trying Charger 13 (fid=8)",882.8558265091787,13,,
Car 303,,,,,17,switch,,"Charger 17 (fid=12) not available, trying Charger 5 (fid=5)",883.1167753050688,5,,
Car 326,,,,,6,switch,,"Charger 6 (fid=1) not available, trying Charger 2 (fid=307904)",883.2059030225922,2,,
Car 269,72.0,307904,2,,,done,,done charging,883.6376421311652,,,658.5039604050388
Car 354,,307904,2,,,start_charge,,starting to charge at Charger 2 (fid=307904),883.6376421311652,,9.61967332427787,
Car 312,,,,,6,switch,,"Charger 6 (fid=1) not available, trying Charger 17 (fid=12)",883.7496657306085,17,,
Car 335,,,,,17,switch,,"Charger 17 (fid=12) not available, trying Charger 19 (fid=14)",883.800272274636,19,,
Car 358,,,,77,,arrived,,arrived,883.8795841407167,,,
Car 253,,,,,,gave_up,5,"no alternate charger available, gave up",883.9644375953151,,,
Car 290,,,,,6,switch,,"Charger 6 (fid=1) not available, trying Charger 17 (fid=12)",884.1524799792006,17,,
Car 339,,,,,12,switch,,"Charger 12 (fid=7) not available, trying Charger 19 (fid=14)",884.2525877354867,19,,
Car 271,,,,,5,switch,,"Charger 5 (fid=5) not available, trying Charger 1 (fid=308702)",884.2742009873043,1,,
Car 355,,,,,9,switch,,"Charger 9 (fid=3) not available, trying Charger 14 (fid=9)",884.3107617266296,14,,
Car 222,120.0,2,7,,,done,,done charging,884.4867893554277,,,436.1212944173499
Car 264,,2,7,,,start_charge,,starting to charge at Charger 7 (fid=2),884.4867893554277,,92.81273062950629,
Car 304,73.0,307905,3,,,done,,done charging,884.5368838737977,,,197.06681664329756
Car 283,,,,,17,switch,,"Charger 17 (fid=12) not available, trying Charger 12 (fid=7)",884.8311443029053,12,,
Car 328,,,,,1,switch,,"Charger 1 (fid=308702) not available, trying Charger 6 (fid=1)",884.9650781028714,6,,
Car 309,,,,,2,switch,,"Charger 2 (fid=307904) not available, trying Charger 3 (fid=307905)",885.0137276066926,3,,
Car 309,,307905,3,,,start_charge,,starting to charge at Charger 3 (fid=307905),885.2773537882566,,60.0,
Car 310,,,,,2,switch,,"Charger 2 (fid=307904) not available, trying Charger 3 (fid=307905)",885.5061517247946,3,,
Car 341,,,,,15,switch,,"Charger 15 (fid=10) not available, trying Charger 11 (fid=6)",885.748175725232,11,,
Car 346,,,,,1,switch,,"Charger 1 (fid=308702) not available, trying Charger 14 (fid=9)",885.8043657722063,14,,
Car 356,,,,,12,switch,,"Charger 12 (fid=7) not available, trying Charger 4 (fid=308108)",885.841781923475,4,,
Car 321,,,,,14,switch,,"Charger 14 (fid=9) not available, trying Charger 7 (fid=2)",885.9163928456944,7,,
Car 340,,,,,14,switch,,"Charger 14 (fid=9) not available, trying Charger 11 (fid=6)",886.0614055043997,11,,
Car 305,,,,,13,switch,,"Charger 13 (fid=8) not available, trying Charger 6 (fid=1)",886.3390132320236,6,,
Car 311,,,,,1,switch,,"Charger 1 (fid=308702) not available, trying Charger 6 (fid=1)",886.5779921605324,6,,
Car 318,,,,,1,switch,,"Charger 1 (fid=308702) not available, trying Charger 14 (fid=9)",886.6272051252463,14,,
Car 359,,,,31,,arrived,,arrived,886.6751361189578,,,
Car 297,,,,,14,switch,,"Charger 14 (fid=9) not available, trying Charger 15 (fid=10)",886.7122470238102,15,,
Car 338,,,,,8,switch,,"Charger 8 (fid=91) not available, trying Charger 17 (fid=12)",887.06817546981,17,,
Car 357,,,,,1,switch,,"Charger 1 (fid=308702) not available, trying Charger 16 (fid=11)",887.1189937765856,16,,
Car 352,,,,,1,switch,,"Charger 1 (fid=308702) not available, trying Charger 14 (fid=9)",887.1939617026592,14,,
Car 344,,,,,11,switch,,"Charger 11 (fid=6) not available, trying Charger 1 (fid=308702)",887.2807009224804,1,,
Car 331,,,,,15,switch,,"Charger 15 (fid=10) not available, trying Charger 16 (fid=11)",887.3604288233759,16,,
Car 351,,,,,16,switch,,"Charger 16 (fid=11) not available, trying Charger 1 (fid=308702)",887.3652894455383,1,,
Car 313,,,,,10,switch,,"Charger 10 (fid=4) not available, trying Charger 12 (fid=7)",887.411176817372,12,,
Car 360,,,,81,,arrived,,arrived,887.4265415587123,,,
Car 356,,308108,4,,,start_charge,,starting to charge at Charger 4 (fid=308108),887.5041112589055,,5.0,
Car 282,,,,,20,switch,,"Charger 20 (fid=15) not available, trying Charger 14 (fid=9)",887.5173050486057,14,,
Car 298,,,,,6,switch,,"Charger 6 (fid=1) not available, trying Charger 15 (fid=10)",887.7515762797242,15,,
Car 277,,,,,9,switch,,"Charger 9 (fid=3) not available, trying Charger 8 (fid=91)",887.8096739123154,8,,
Car 288,,,,,8,switch,,"Charger 8 (fid=91) not available, trying Charger 15 (fid=10)",888.8274357502588,15,,
Car 358,,,,,6,switch,,"Charger 6 (fid=1) not available, trying Charger 12 (fid=7)",888.8795841407167,12,,
Car 263,,,,,7,switch,,"Charger 7 (fid=2) not available, trying Charger 8 (fid=91)",889.0050084815126,8,,
Car 267,,,,,17,switch,,"Charger 17 (fid=12) not available, trying Charger 7 (fid=2)",889.2836052288492,7,,
Car 251,96.0,15,20,,,done,,done charging,889.3755343324061,,,372.17997024501994
Car 326,,,,,2,switch,,"Charger 2 (fid=307904) not available, trying Charger 3 (fid=307905)",889.3957565839128,3,,
Car 342,,,,,14,switch,,"Charger 14 (fid=9) not available, trying Charger 11 (fid=6)",889.9498564071746,11,,
Car 314,89.0,4,10,,,done,,done charging,890.3775137255045,,,131.70605267379972
Car 312,,,,,17,switch,,"Charger 17 (fid=12) not available, trying Charger 10 (fid=4)",890.5202520813984,10,,
Car 310,,,,,3,switch,,"Charger 3 (fid=307905) not available, trying Charger 6 (fid=1)",890.7697779063586,6,,
Car 291,,,,,13,switch,,"Charger 13 (fid=8) not available, trying Charger 15 (fid=10)",890.7911944487984,15,,
Car 281,,,,,0,switch,,"Charger 0 (fid=308440) not available, trying Charger 5 (fid=5)",890.8604032988891,5,,
Car 350,,,,,0,switch,,"Charger 0 (fid=308440) not available, trying Charger 12 (fid=7)",890.8923291928714,12,,
Car 290,,,,,17,switch,,"Charger 17 (fid=12) not available, trying Charger 12 (fid=7)",890.9230663299905,12,,
Car 280,,,,,17,switch,,"Charger 17 (fid=12) not available, trying Charger 7 (fid=2)",891.0047399394313,7,,
Car 300,,,,,6,switch,,"Charger 6 (fid=1) not available, trying Charger 2 (fid=307904)",891.0668746711762,2,,
Car 359,,,,,19,switch,,"Charger 19 (fid=14) not available, trying Charger 0 (fid=308440)",891.6751361189578,0,,
Car 327,62.0,14,19,,,done,,done charging,891.6792363672964,,,141.51289052724235
Car 335,,14,19,,,start_charge,,starting to charge at Charger 19 (fid=14),891.6792363672964,,38.528143363751155,
Car 360,,,,,2,switch,,"Charger 2 (fid=307904) not available, trying Charger 3 (fid=307905)",892.4265415587123,3,,
Car 361,,,,72,,arrived,,arrived,892.7088563334208,,,
Car 271,,,,,1,switch,,"Charger 1 (fid=308702) not available, trying Charger 18 (fid=13)",892.8293143447243,18,,
Car 283,,,,,12,switch,,"Charger 12 (fid=7) not available, trying Charger 9 (fid=3)",892.9910695042646,9,,
Car 297,,,,,15,switch,,"Charger 15 (fid=10) not available, trying Charger 13 (fid=8)",893.2471583800267,13,,
Car 355,,,,,14,switch,,"Charger 14 (fid=9) not available, trying Charger 16 (fid=11)",893.398515027845,16,,
Car 362,,,,124,,arrived,,arrived,893.4139071247729,,,
Car 294,,,,,15,switch,,"Charger 15 (fid=10) not available, trying Charger 13 (fid=8)",894.0386900478615,13,,
Car 326,,,,,3,switch,,"Charger 3 (fid=307905) not available, trying Charger 10 (fid=4)",894.6593827654768,10,,
Car 339,,,,,19,switch,,"Charger 19 (fid=14) not available, trying Charger 11 (fid=6)",894.789826514598,11,,
Car 250,83.0,10,15,,,done,,done charging,894.9642150573227,,,648.6932223755065
Car 291,,10,15,,,start_charge,,starting to charge at Charger 15 (fid=10),894.9642150573227,,72.7940355539331,
Car 340,,,,,11,switch,,"Charger 11 (fid=6) not available, trying Charger 10 (fid=4)",895.4773385019502,10,,
Car 338,,,,,17,switch,,"Charger 17 (fid=12) not available, trying Charger 11 (fid=6)",895.5605528075716,11,,
Car 331,,,,,16,switch,,"Charger 16 (fid=11) not available, trying Charger 19 (fid=14)",895.6686465128371,19,,
Car 346,,,,,14,switch,,"Charger 14 (fid=9) not available, trying Charger 11 (fid=6)",895.7256175074925,11,,
Car 341,,,,,11,switch,,"Charger 11 (fid=6) not available, trying Charger 13 (fid=8)",895.7322846972745,13,,
Car 358,,,,,12,switch,,"Charger 12 (fid=7) not available, trying Charger 4 (fid=308108)",895.8040230289347,4,,
Car 263,,,,,,gave_up,8,"no alternate charger available, gave up",895.8319996685414,,,
Car 357,,,,,16,switch,,"Charger 16 (fid=11) not available, trying Charger 10 (fid=4)",896.1314611684295,10,,
Car 218,113.0,91,8,,,done,,done charging,896.2418385403272,,,555.3007295051073
Car 277,,91,8,,,start_charge,,starting to charge at Charger 8 (fid=91),896.2418385403272,,86.31475121811332,
Car 303,,,,,5,switch,,"Charger 5 (fid=5) not available, trying Charger 13 (fid=8)",896.2521296104527,13,,
Car 351,,,,,1,switch,,"Charger 1 (fid=308702) not available, trying Charger 11 (fid=6)",896.3777568373822,11,,
Car 318,,,,,14,switch,,"Charger 14 (fid=9) not available, trying Charger 10 (fid=4)",896.5484568605325,10,,
Car 328,,,,,6,switch,,"Charger 6 (fid=1) not available, trying Charger 17 (fid=12)",896.8290079051562,17,,
Car 363,,,,5,,arrived,,arrived,896.8756990344306,,,
Car 310,,,,,6,switch,,"Charger 6 (fid=1) not available, trying Charger 17 (fid=12)",896.9759682993,17,,
Car 352,,,,,14,switch,,"Charger 14 (fid=9) not available, trying Charger 16 (fid=11)",897.1152134379454,16,,
Car 364,,,,54,,arrived,,arrived,897.1567758008811,,,
Car 300,,,,,2,switch,,"Charger 2 (fid=307904) not available, trying Charger 3 (fid=307905)",897.2567282324967,3,,
Car 344,,,,,1,switch,,"Charger 1 (fid=308702) not available, trying Charger 2 (fid=307904)",897.4978127636292,2,,
Car 365,,,,44,,arrived,,arrived,897.5576558136175,,,
Car 302,89.0,11,16,,,done,,done charging,897.6523816097933,,,342.39996065725126
Car 355,,11,16,,,start_charge,,starting to charge at Charger 16 (fid=11),897.6523816097933,,11.723944014115773,
Car 360,,,,,3,switch,,"Charger 3 (fid=307905) not available, trying Charger 6 (fid=1)",897.6901677402764,6,,
Car 305,,,,,6,switch,,"Charger 6 (fid=1) not available, trying Charger 15 (fid=10)",897.6997627899317,15,,
Car 361,,,,,19,switch,,"Charger 19 (fid=14) not available, trying Charger 0 (fid=308440)",897.7088563334208,0,,
Car 321,,,,,7,switch,,"Charger 7 (fid=2) not available, trying Charger 9 (fid=3)",897.7407729970001,9,,
Car 267,,,,,7,switch,,"Charger 7 (fid=2) not available, trying Charger 8 (fid=91)",898.1594428423479,8,,
Car 359,,,,,0,switch,,"Charger 0 (fid=308440) not available, trying Charger 16 (fid=11)",898.2695305808229,16,,
Car 362,,,,,0,switch,,"Charger 0 (fid=308440) not available, trying Charger 19 (fid=14)",898.4139071247729,19,,
Car 311,,,,,6,switch,,"Charger 6 (fid=1) not available, trying Charger 12 (fid=7)",898.4419219628172,12,,
Car 312,,4,10,,,start_charge,,starting to charge at Charger 10 (fid=4),898.449608819779,,55.0,
Car 282,,,,,14,switch,,"Charger 14 (fid=9) not available, trying Charger 9 (fid=3)",898.6863428580148,9,,
Car 298,,,,,15,switch,,"Charger 15 (fid=10) not available, trying Charger 12 (fid=7)",898.7767078150542,12,,
Car 290,,,,,12,switch,,"Charger 12 (fid=7) not available, trying Charger 9 (fid=3)",899.0829915313499,9,,
Car 342,,,,,11,switch,,"Charger 11 (fid=6) not available, trying Charger 2 (fid=307904)",899.3657894047251,2,,
Car 366,,,,55,,arrived,,arrived,899.552734334769,,,
Car 297,,,,,13,switch,,"Charger 13 (fid=8) not available, trying Charger 18 (fid=13)",899.6261434346179,18,,
Car 313,,,,,12,switch,,"Charger 12 (fid=7) not available, trying Charger 5 (fid=5)",899.8344107439932,5,,
Car 280,,,,,7,switch,,"Charger 7 (fid=2) not available, trying Charger 1 (fid=308702)",899.8805775529299,1,,
Car 271,,,,,,gave_up,18,"no alternate charger available, gave up",900.0125052825846,,,
Car 294,,,,,13,switch,,"Charger 13 (fid=8) not available, trying Charger 19 (fid=14)",900.4176751024527,19,,
Car 367,,,,67,,arrived,,arrived,901.1399733889092,,,
Car 281,,,,,5,switch,,"Charger 5 (fid=5) not available, trying Charger 1 (fid=308702)",901.4175866093562,1,,
Car 368,,,,54,,arrived,,arrived,901.6830858343543,,,
Car 288,,,,,15,switch,,"Charger 15 (fid=10) not available, trying Charger 13 (fid=8)",901.8052630587604,13,,
Car 363,,,,,5,switch,,"Charger 5 (fid=5) not available, trying Charger 10 (fid=4)",901.8756990344306,10,,
Car 301,69.0,8,13,,,done,,done charging,901.9930518600071,,,424.76823714233984
Car 303,,8,13,,,start_charge,,starting to charge at Charger 13 (fid=8),901.9930518600071,,67.80555430993468,
Car 364,,,,,19,switch,,"Charger 19 (fid=14) not available, trying Charger 16 (fid=11)",902.1567758008811,16,,
Car 350,,,,,12,switch,,"Charger 12 (fid=7) not available, trying Charger 19 (fid=14)",902.3268476331779,19,,
Car 358,,,,,4,switch,,"Charger 4 (fid=308108) not available, trying Charger 16 (fid=11)",902.4663523643652,16,,
Car 300,,,,,3,switch,,"Charger 3 (fid=307905) not available, trying Charger 12 (fid=7)",902.5203544140608,12,,
Car 365,,,,,1,switch,,"Charger 1 (fid=308702) not available, trying Charger 18 (fid=13)",902.5576558136175,18,,
Car 331,,,,,19,switch,,"Charger 19 (fid=14) not available, trying Charger 14 (fid=9)",902.8985787497743,14,,
Car 339,,,,,11,switch,,"Charger 11 (fid=6) not available, trying Charger 8 (fid=91)",903.000643268384,8,,
Car 345,51.0,1,6,,,done,,done charging,903.1250942424127,,,226.10647638976275
Car 360,,1,6,,,start_charge,,starting to charge at Charger 6 (fid=1),903.1250942424127,,14.228736109194983,
Car 328,,,,,17,switch,,"Charger 17 (fid=12) not available, trying Charger 14 (fid=9)",903.5995942559462,14,,
Car 310,,,,,17,switch,,"Charger 17 (fid=12) not available, trying Charger 12 (fid=7)",903.7465546500899,12,,
Car 283,,,,,9,switch,,"Charger 9 (fid=3) not available, trying Charger 7 (fid=2)",903.7648270406708,7,,
Car 325,74.0,8,13,,,done,,done charging,903.8404102292454,,,188.81132257447337
Car 341,,8,13,,,start_charge,,starting to charge at Charger 13 (fid=8),903.8404102292454,,32.81075463776824,
Car 369,,,,6,,arrived,,arrived,904.0680717122417,,,
Car 361,,,,,0,switch,,"Charger 0 (fid=308440) not available, trying Charger 16 (fid=11)",904.303250795286,16,,
Car 366,,,,,19,switch,,"Charger 19 (fid=14) not available, trying Charger 0 (fid=308440)",904.552734334769,0,,
Car 357,,,,,10,switch,,"Charger 10 (fid=4) not available, trying Charger 19 (fid=14)",904.583491506901,19,,
Car 352,,,,,16,switch,,"Charger 16 (fid=11) not available, trying Charger 15 (fid=10)",904.645136005778,15,,
Car 318,,,,,10,switch,,"Charger 10 (fid=4) not available, trying Charger 12 (fid=7)",904.8210381011936,12,,
Car 338,,,,,11,switch,,"Charger 11 (fid=6) not available, trying Charger 20 (fid=15)",904.8572845111138,20,,
Car 267,,,,,,gave_up,8,"no alternate charger available, gave up",904.9864340293766,,,
Car 362,,,,,19,switch,,"Charger 19 (fid=14) not available, trying Charger 18 (fid=13)",905.008301586638,18,,
Car 346,,,,,11,switch,,"Charger 11 (fid=6) not available, trying Charger 2 (fid=307904)",905.141550505043,2,,
Car 311,,,,,12,switch,,"Charger 12 (fid=7) not available, trying Charger 4 (fid=308108)",905.3663608510352,4,,
Car 340,,,,,10,switch,,"Charger 10 (fid=4) not available, trying Charger 2 (fid=307904)",905.8053660418753,2,,
Car 308,82.0,308440,0,,,done,,done charging,906.1061334768685,,,431.55511541057837
Car 367,,,,,1,switch,,"Charger 1 (fid=308702) not available, trying Charger 16 (fid=11)",906.1399733889092,16,,
Car 366,,308440,0,,,start_charge,,starting to charge at Charger 0 (fid=308440),906.1471287966341,,5.0,
Car 359,,,,,16,switch,,"Charger 16 (fid=11) not available, trying Charger 11 (fid=6)",906.2453808854673,11,,
Car 351,,,,,11,switch,,"Charger 11 (fid=6) not available, trying Charger 2 (fid=307904)",906.594868678531,2,,
Car 326,,,,,10,switch,,"Charger 10 (fid=4) not available, trying Charger 12 (fid=7)",906.6330288703954,12,,
Car 368,,,,,19,switch,,"Charger 19 (fid=14) not available, trying Charger 16 (fid=11)",906.6830858343543,16,,
Car 342,,,,,2,switch,,"Charger 2 (fid=307904) not available, trying Charger 3 (fid=307905)",907.6904736431845,3,,
Car 363,,,,,10,switch,,"Charger 10 (fid=4) not available, trying Charger 13 (fid=8)",907.7640990828186,13,,
Car 282,,,,,9,switch,,"Charger 9 (fid=3) not available, trying Charger 15 (fid=10)",907.7740961592301,15,,
Car 288,,,,,13,switch,,"Charger 13 (fid=8) not available, trying Charger 10 (fid=4)",908.1842481133516,10,,
Car 317,98.0,14,19,,,done,,done charging,908.1867303079847,,,129.50214330434054
Car 294,,14,19,,,start_charge,,starting to charge at Charger 19 (fid=14),908.1867303079847,,77.92533699247667,
Car 305,,,,,15,switch,,"Charger 15 (fid=10) not available, trying Charger 12 (fid=7)",908.7248943252617,12,,
Car 344,,,,,2,switch,,"Charger 2 (fid=307904) not available, trying Charger 3 (fid=307905)",908.9855921417746,3,,
Car 369,,,,,11,switch,,"Charger 11 (fid=6) not available, trying Charger 16 (fid=11)",909.0680717122417,16,,
Car 370,,,,7,,arrived,,arrived,909.1507856931477,,,
Car 321,,,,,9,switch,,"Charger 9 (fid=3) not available, trying Charger 4 (fid=308108)",909.250559123777,4,,
Car 371,,,,32,,arrived,,arrived,909.2520829506468,,,
Car 364,,,,,16,switch,,"Charger 16 (fid=11) not available, trying Charger 0 (fid=308440)",909.3867080378183,0,,
Car 372,,,,32,,arrived,,arrived,909.4004421454517,,,
Car 365,,,,,18,switch,,"Charger 18 (fid=13) not available, trying Charger 5 (fid=5)",909.7408467514779,5,,
Car 290,,,,,9,switch,,"Charger 9 (fid=3) not available, trying Charger 7 (fid=2)",909.856749067756,7,,
Car 298,,,,,12,switch,,"Charger 12 (fid=7) not available, trying Charger 17 (fid=12)",909.93720917046,17,,
Car 281,,,,,1,switch,,"Charger 1 (fid=308702) not available, trying Charger 18 (fid=13)",909.9726999667762,18,,
Car 373,,,,37,,arrived,,arrived,910.0820817783839,,,
Car 300,,,,,12,switch,,"Charger 12 (fid=7) not available, trying Charger 4 (fid=308108)",910.1158836575715,4,,
Car 338,,15,20,,,start_charge,,starting to charge at Charger 20 (fid=15),910.5857233124036,,45.0,
Car 293,70.0,6,11,,,done,,done charging,911.0435987442884,,,314.34000326158736
Car 359,,6,11,,,start_charge,,starting to charge at Charger 11 (fid=6),911.0435987442884,,17.633821725367852,
Car 297,,,,,18,switch,,"Charger 18 (fid=13) not available, trying Charger 1 (fid=308702)",911.2934520740737,1,,
Car 310,,,,,12,switch,,"Charger 12 (fid=7) not available, trying Charger 9 (fid=3)",911.9064798514493,9,,
Car 331,,,,,14,switch,,"Charger 14 (fid=9) not available, trying Charger 11 (fid=6)",911.9702747840453,11,,
Car 311,,,,,4,switch,,"Charger 4 (fid=308108) not available, trying Charger 2 (fid=307904)",912.0286901864657,2,,
Car 361,,,,,16,switch,,"Charger 16 (fid=11) not available, trying Charger 18 (fid=13)",912.2791010999304,18,,
Car 313,,,,,5,switch,,"Charger 5 (fid=5) not available, trying Charger 0 (fid=308440)",912.4636422376178,0,,
Car 358,,,,,16,switch,,"Charger 16 (fid=11) not available, trying Charger 2 (fid=307904)",912.5881220678068,2,,
Car 350,,,,,19,switch,,"Charger 19 (fid=14) not available, trying Charger 11 (fid=6)",912.8640864122891,11,,
Car 352,,,,,15,switch,,"Charger 15 (fid=10) not available, trying Charger 19 (fid=14)",912.9533536952392,19,,
Car 342,,,,,3,switch,,"Charger 3 (fid=307905) not available, trying Charger 10 (fid=4)",912.9540998247486,10,,
Car 280,,,,,1,switch,,"Charger 1 (fid=308702) not available, trying Charger 8 (fid=91)",913.093693372655,8,,
Car 362,,,,,18,switch,,"Charger 18 (fid=13) not available, trying Charger 16 (fid=11)",913.2266137038216,16,,
Car 346,,,,,2,switch,,"Charger 2 (fid=307904) not available, trying Charger 3 (fid=307905)",913.4662347435025,3,,
Car 339,,,,,8,switch,,"Charger 8 (fid=91) not available, trying Charger 16 (fid=11)",913.7460560583133,16,,
Car 368,,,,,16,switch,,"Charger 16 (fid=11) not available, trying Charger 0 (fid=308440)",913.9130180712915,0,,
Car 370,,,,,12,switch,,"Charger 12 (fid=7) not available, trying Charger 4 (fid=308108)",914.1507856931477,4,,
Car 357,,,,,19,switch,,"Charger 19 (fid=14) not available, trying Charger 5 (fid=5)",914.1887591826576,5,,
Car 344,,,,,3,switch,,"Charger 3 (fid=307905) not available, trying Charger 14 (fid=9)",914.2492183233387,14,,
Car 371,,,,,1,switch,,"Charger 1 (fid=308702) not available, trying Charger 18 (fid=13)",914.2520829506468,18,,
Car 372,,,,,1,switch,,"Charger 1 (fid=308702) not available, trying Charger 18 (fid=13)",914.4004421454517,18,,
Car 337,70.0,7,12,,,done,,done charging,914.6407376929485,,,129.2251341173843
Car 318,,7,12,,,start_charge,,starting to charge at Charger 12 (fid=7),914.6407376929485,,62.396465665133746,
Car 351,,,,,2,switch,,"Charger 2 (fid=307904) not available, trying Charger 3 (fid=307905)",914.9195529169905,3,,
Car 373,,,,,10,switch,,"Charger 10 (fid=4) not available, trying Charger 5 (fid=5)",915.0820817783839,5,,
Car 367,,,,,16,switch,,"Charger 16 (fid=11) not available, trying Charger 10 (fid=4)",915.1524407807531,10,,
Car 363,,,,,13,switch,,"Charger 13 (fid=8) not available, trying Charger 1 (fid=308702)",915.2294039021909,1,,
Car 283,,,,,7,switch,,"Charger 7 (fid=2) not available, trying Charger 4 (fid=308108)",915.2746131674476,4,,
Car 328,,,,,14,switch,,"Charger 14 (fid=9) not available, trying Charger 12 (fid=7)",915.3143922303434,12,,
Car 374,,,,66,,arrived,,arrived,915.3642303562924,,,
Car 288,,,,,10,switch,,"Charger 10 (fid=4) not available, trying Charger 1 (fid=308702)",915.649552932724,1,,
Car 336,64.0,9,14,,,done,,done charging,915.9390343927274,,,200.13849421509497
Car 369,,,,,16,switch,,"Charger 16 (fid=11) not available, trying Charger 19 (fid=14)",916.2324678456949,19,,
Car 300,,,,,4,switch,,"Charger 4 (fid=308108) not available, trying Charger 17 (fid=12)",916.7782129930021,17,,
Car 281,,,,,,gave_up,18,"no alternate charger available, gave up",917.1558909046365,,,
Car 364,,,,,0,switch,,"Charger 0 (fid=308440) not available, trying Charger 1 (fid=308702)",917.3625583424626,1,,
Car 282,,,,,15,switch,,"Charger 15 (fid=10) not available, trying Charger 13 (fid=8)",917.3741200814894,13,,
Car 340,,,,,2,switch,,"Charger 2 (fid=307904) not available, trying Charger 3 (fid=307905)",917.7626753151732,3,,
Car 298,,,,,17,switch,,"Charger 17 (fid=12) not available, trying Charger 9 (fid=3)",918.0971343718194,9,,
Car 297,,,,,1,switch,,"Charger 1 (fid=308702) not available, trying Charger 10 (fid=4)",918.476643011934,10,,
Car 346,,,,,3,switch,,"Charger 3 (fid=307905) not available, trying Charger 10 (fid=4)",918.7298609250665,10,,
Car 326,,,,,12,switch,,"Charger 12 (fid=7) not available, trying Charger 5 (fid=5)",919.0562627970165,5,,
Car 229,106.0,13,18,,,done,,done charging,919.3809656432474,,,499.6169831438389
Car 371,,13,18,,,start_charge,,starting to charge at Charger 18 (fid=13),919.3809656432474,,7.94569175474021,
Car 375,,,,60,,arrived,,arrived,919.7053242490874,,,
Car 305,,,,,12,switch,,"Charger 12 (fid=7) not available, trying Charger 17 (fid=12)",919.8853956806676,17,,
Car 365,,,,,5,switch,,"Charger 5 (fid=5) not available, trying Charger 0 (fid=308440)",920.1141148243655,0,,
Car 351,,,,,3,switch,,"Charger 3 (fid=307905) not available, trying Charger 14 (fid=9)",920.1831790985545,14,,
Car 321,,,,,4,switch,,"Charger 4 (fid=308108) not available, trying Charger 15 (fid=10)",920.2029110354073,15,,
Car 344,,9,14,,,start_charge,,starting to charge at Charger 14 (fid=9),920.3337844586883,,40.0,
Car 374,,,,,15,switch,,"Charger 15 (fid=10) not available, trying Charger 14 (fid=9)",920.3642303562924,14,,
Car 311,,,,,2,switch,,"Charger 2 (fid=307904) not available, trying Charger 20 (fid=15)",920.5348232010971,20,,
Car 370,,,,,4,switch,,"Charger 4 (fid=308108) not available, trying Charger 6 (fid=1)",920.8131150285782,6,,
Car 373,,,,,5,switch,,"Charger 5 (fid=5) not available, trying Charger 14 (fid=9)",920.9704818267719,14,,
Car 350,,,,,11,switch,,"Charger 11 (fid=6) not available, trying Charger 8 (fid=91)",921.0749031660752,8,,
Car 290,,,,,7,switch,,"Charger 7 (fid=2) not available, trying Charger 4 (fid=308108)",921.3665351945328,4,,
Car 331,,,,,11,switch,,"Charger 11 (fid=6) not available, trying Charger 2 (fid=307904)",921.3862077815958,2,,
Car 358,,,,,2,switch,,"Charger 2 (fid=307904) not available, trying Charger 3 (fid=307905)",921.4065806930838,3,,
Car 372,,,,,18,switch,,"Charger 18 (fid=13) not available, trying Charger 0 (fid=308440)",921.5836330833121,0,,
Car 283,,,,,4,switch,,"Charger 4 (fid=308108) not available, trying Charger 8 (fid=91)",921.8773975674068,8,,
Car 361,,,,,18,switch,,"Charger 18 (fid=13) not available, trying Charger 11 (fid=6)",921.8788690598932,11,,
Car 368,,,,,0,switch,,"Charger 0 (fid=308440) not available, trying Charger 1 (fid=308702)",921.8888683759359,1,,
Car 310,,,,,9,switch,,"Charger 9 (fid=3) not available, trying Charger 7 (fid=2)",922.6802373878554,7,,
Car 362,,,,,16,switch,,"Charger 16 (fid=11) not available, trying Charger 1 (fid=308702)",922.8263816637844,1,,
Car 352,,,,,19,switch,,"Charger 19 (fid=14) not available, trying Charger 18 (fid=13)",922.9120787412844,18,,
Car 313,,,,,0,switch,,"Charger 0 (fid=308440) not available, trying Charger 4 (fid=308108)",923.020825548085,4,,
Car 340,,,,,3,switch,,"Charger 3 (fid=307905) not available, trying Charger 5 (fid=5)",923.0263014967372,5,,
Car 376,,,,60,,arrived,,arrived,923.2083325364832,,,
Car 369,,,,,19,switch,,"Charger 19 (fid=14) not available, trying Charger 6 (fid=1)",923.4624000826321,6,,
Car 377,,,,61,,arrived,,arrived,923.4794110971776,,,
Car 367,,,,,10,switch,,"Charger 10 (fid=4) not available, trying Charger 19 (fid=14)",923.6044711192246,19,,
Car 282,,,,,13,switch,,"Charger 13 (fid=8) not available, trying Charger 10 (fid=4)",923.7531051360806,10,,
Car 320,55.0,2,7,,,done,,done charging,923.8831327775166,,,323.92450276645906
Car 288,,,,,1,switch,,"Charger 1 (fid=308702) not available, trying Charger 5 (fid=5)",923.9986687231406,5,,
Car 357,,,,,5,switch,,"Charger 5 (fid=5) not available, trying Charger 0 (fid=308440)",924.0000244254175,0,,
Car 375,,,,,16,switch,,"Charger 16 (fid=11) not available, trying Charger 11 (fid=6)",924.7053242490874,11,,
Car 342,,,,,10,switch,,"Charger 10 (fid=4) not available, trying Charger 5 (fid=5)",924.9277459296671,5,,
Car 339,,,,,16,switch,,"Charger 16 (fid=11) not available, trying Charger 7 (fid=2)",924.9324203398556,7,,
Car 363,,,,,1,switch,,"Charger 1 (fid=308702) not available, trying Charger 14 (fid=9)",925.0785578261789,14,,
Car 378,,,,14,,arrived,,arrived,925.3851757856256,,,
Car 364,,,,,1,switch,,"Charger 1 (fid=308702) not available, trying Charger 14 (fid=9)",925.4730109698611,14,,
Car 300,,,,,17,switch,,"Charger 17 (fid=12) not available, trying Charger 20 (fid=15)",925.8650787971028,20,,
Car 328,,,,,12,switch,,"Charger 12 (fid=7) not available, trying Charger 9 (fid=3)",925.9290737116751,9,,
Car 358,,,,,3,switch,,"Charger 3 (fid=307905) not available, trying Charger 20 (fid=15)",926.6702068746479,20,,
Car 297,,,,,10,switch,,"Charger 10 (fid=4) not available, trying Charger 5 (fid=5)",926.8257588023506,5,,
Car 374,,,,,14,switch,,"Charger 14 (fid=9) not available, trying Charger 9 (fid=3)",926.8991417125089,9,,
Car 280,,,,,8,switch,,"Charger 8 (fid=91) not available, trying Charger 18 (fid=13)",927.2458279491494,18,,
Car 290,,,,,4,switch,,"Charger 4 (fid=308108) not available, trying Charger 8 (fid=91)",927.969319594492,8,,
Car 305,,,,,17,switch,,"Charger 17 (fid=12) not available, trying Charger 9 (fid=3)",928.0453208820269,9,,
Car 376,,,,,16,switch,,"Charger 16 (fid=11) not available, trying Charger 11 (fid=6)",928.2083325364832,11,,
Car 377,,,,,9,switch,,"Charger 9 (fid=3) not available, trying Charger 14 (fid=9)",928.4794110971776,14,,
Car 370,,,,,6,switch,,"Charger 6 (fid=1) not available, trying Charger 7 (fid=2)",928.6644945195377,7,,
Car 372,,,,,0,switch,,"Charger 0 (fid=308440) not available, trying Charger 5 (fid=5)",928.810826302614,5,,
Car 379,,,,57,,arrived,,arrived,929.0515058521598,,,
Car 283,,,,,8,switch,,"Charger 8 (fid=91) not available, trying Charger 20 (fid=15)",929.0878092504878,20,,
Car 310,,2,7,,,start_charge,,starting to charge at Charger 7 (fid=2),929.1900235146322,,85.0,
Car 373,,,,,14,switch,,"Charger 14 (fid=9) not available, trying Charger 16 (fid=11)",929.6239207350768,16,,
Car 331,,,,,2,switch,,"Charger 2 (fid=307904) not available, trying Charger 3 (fid=307905)",929.7108920200552,3,,
Car 368,,,,,1,switch,,"Charger 1 (fid=308702) not available, trying Charger 14 (fid=9)",929.9993210033343,14,,
Car 380,,,,77,,arrived,,arrived,930.1529513650779,,,
Car 298,,,,,9,switch,,"Charger 9 (fid=3) not available, trying Charger 7 (fid=2)",930.1665868346811,7,,
Car 378,,,,,19,switch,,"Charger 19 (fid=14) not available, trying Charger 0 (fid=308440)",930.3851757856256,0,,
Car 365,,,,,0,switch,,"Charger 0 (fid=308440) not available, trying Charger 10 (fid=4)",930.6712981348327,10,,
Car 346,,,,,10,switch,,"Charger 10 (fid=4) not available, trying Charger 5 (fid=5)",930.7035070299851,5,,
Car 330,92.0,308440,0,,,done,,done charging,930.746842208773,,,195.81624931145276
Car 357,,308440,0,,,start_charge,,starting to charge at Charger 0 (fid=308440),930.746842208773,,26.18963447288843,
Car 342,,,,,5,switch,,"Charger 5 (fid=5) not available, trying Charger 13 (fid=8)",930.8161459780551,13,,
Car 311,,,,,20,switch,,"Charger 20 (fid=15) not available, trying Charger 3 (fid=307905)",930.8226205177283,3,,
Car 352,,,,,18,switch,,"Charger 18 (fid=13) not available, trying Charger 11 (fid=6)",931.130390858468,11,,
Car 282,,,,,10,switch,,"Charger 10 (fid=4) not available, trying Charger 5 (fid=5)",931.218409955453,5,,
Car 351,,,,,14,switch,,"Charger 14 (fid=9) not available, trying Charger 6 (fid=1)",931.2677452339042,6,,
Car 321,,,,,15,switch,,"Charger 15 (fid=10) not available, trying Charger 1 (fid=308702)",931.5420067660373,1,,
Car 326,,,,,5,switch,,"Charger 5 (fid=5) not available, trying Charger 0 (fid=308440)",931.6854942906411,0,,
Car 350,,,,,8,switch,,"Charger 8 (fid=91) not available, trying Charger 16 (fid=11)",931.8203159560045,16,,
Car 362,,,,,1,switch,,"Charger 1 (fid=308702) not available, trying Charger 11 (fid=6)",931.8388490556283,11,,
Car 375,,,,,11,switch,,"Charger 11 (fid=6) not available, trying Charger 14 (fid=9)",931.8697203825407,14,,
Car 329,85.0,13,18,,,done,,done charging,932.1265219301513,,,310.24162191297694
Car 288,,,,,5,switch,,"Charger 5 (fid=5) not available, trying Charger 18 (fid=13)",932.5537820805605,18,,
Car 361,,,,,11,switch,,"Charger 11 (fid=6) not available, trying Charger 1 (fid=308702)",932.6832814691609,1,,
Car 297,,,,,,gave_up,5,"no alternate charger available, gave up",932.7141588507386,,,
Car 369,,,,,6,switch,,"Charger 6 (fid=1) not available, trying Charger 2 (fid=307904)",932.7837375578359,2,,
Car 381,,,,37,,arrived,,arrived,933.1412338416792,,,
Car 367,,,,,19,switch,,"Charger 19 (fid=14) not available, trying Charger 5 (fid=5)",933.2097387949811,5,,
Car 382,,,,55,,arrived,,arrived,933.5974763472267,,,
Car 354,50.0,307904,2,,,done,,done charging,933.6376421311652,,,99.11480165800255
Car 249,89.0,10,15,,,done,,done charging,933.9376013293609,,,505.1498146757378
Car 369,,307904,2,,,start_charge,,starting to charge at Charger 2 (fid=307904),933.9735911191565,,20.0,
Car 379,,,,,19,switch,,"Charger 19 (fid=14) not available, trying Charger 0 (fid=308440)",934.0515058521598,0,,
Car 343,89.0,4,10,,,done,,done charging,934.8057554984786,,,30.915951735763496
Car 381,,4,10,,,start_charge,,starting to charge at Charger 10 (fid=4),934.8057554984786,,1.6645216567993657,
Car 331,,,,,3,switch,,"Charger 3 (fid=307905) not available, trying Charger 6 (fid=1)",934.9745182016193,6,,
Car 363,,,,,14,switch,,"Charger 14 (fid=9) not available, trying Charger 16 (fid=11)",934.9998095614651,16,,
Car 339,,,,,7,switch,,"Charger 7 (fid=2) not available, trying Charger 4 (fid=308108)",935.0392413376126,4,,
Car 380,,,,,6,switch,,"Charger 6 (fid=1) not available, trying Charger 12 (fid=7)",935.1529513650779,12,,
Car 290,,,,,8,switch,,"Charger 8 (fid=91) not available, trying Charger 20 (fid=15)",935.1797312775731,20,,
Car 340,,,,,5,switch,,"Charger 5 (fid=5) not available, trying Charger 13 (fid=8)",935.2059451686591,13,,
Car 376,,,,,11,switch,,"Charger 11 (fid=6) not available, trying Charger 14 (fid=9)",935.3727286699365,14,,
Car 313,,,,,4,switch,,"Charger 4 (fid=308108) not available, trying Charger 20 (fid=15)",935.3822845911328,20,,
Car 364,,,,,14,switch,,"Charger 14 (fid=9) not available, trying Charger 11 (fid=6)",935.3942627051473,11,,
Car 280,,13,18,,,start_charge,,starting to charge at Charger 18 (fid=13),935.9611453770555,,100.0,
Car 374,,,,,9,switch,,"Charger 9 (fid=3) not available, trying Charger 13 (fid=8)",935.9868950137243,13,,
Car 370,,,,,7,switch,,"Charger 7 (fid=2) not available, trying Charger 2 (fid=307904)",936.304845819895,2,,
Car 346,,,,,5,switch,,"Charger 5 (fid=5) not available, trying Charger 13 (fid=8)",936.5919070783731,13,,
Car 328,,,,,9,switch,,"Charger 9 (fid=3) not available, trying Charger 8 (fid=91)",936.7028312480812,8,,
Car 300,,,,,20,switch,,"Charger 20 (fid=15) not available, trying Charger 7 (fid=2)",936.7336089032035,7,,
Car 358,,,,,20,switch,,"Charger 20 (fid=15) not available, trying Charger 14 (fid=9)",936.9743410228999,14,,
Car 378,,,,,0,switch,,"Charger 0 (fid=308440) not available, trying Charger 16 (fid=11)",936.9795702474908,16,,
Car 282,,,,,,gave_up,5,"no alternate charger available, gave up",937.106810003841,,,
Car 373,,,,,16,switch,,"Charger 16 (fid=11) not available, trying Charger 13 (fid=8)",937.1538433029094,13,,
Car 377,,,,,14,switch,,"Charger 14 (fid=9) not available, trying Charger 16 (fid=11)",937.567164398393,16,,
Car 382,,,,,19,switch,,"Charger 19 (fid=14) not available, trying Charger 0 (fid=308440)",938.5974763472267,0,,
Car 342,,,,,13,switch,,"Charger 13 (fid=8) not available, trying Charger 15 (fid=10)",938.7515139176749,15,,
Car 322,75.0,6,11,,,done,,done charging,938.7647472173084,,,333.20667967484167
Car 352,,6,11,,,start_charge,,starting to charge at Charger 11 (fid=6),938.7647472173084,,46.82994394957268,
Car 316,102.0,7,12,,,done,,done charging,938.8011786476707,,,236.74167101902574
Car 380,,7,12,,,start_charge,,starting to charge at Charger 12 (fid=7),938.8011786476707,,6.723788394374765,
Car 283,,,,,,gave_up,20,"no alternate charger available, gave up",938.9076584498642,,,
Car 348,82.0,3,9,,,done,,done charging,939.0766297921211,,,259.51105596595494
Car 305,,3,9,,,start_charge,,starting to charge at Charger 9 (fid=3),939.0766297921211,,83.96185644723255,
Car 372,,,,,5,switch,,"Charger 5 (fid=5) not available, trying Charger 10 (fid=4)",939.3680096130812,10,,
Car 368,,,,,14,switch,,"Charger 14 (fid=9) not available, trying Charger 11 (fid=6)",939.9205727386205,11,,
Car 342,,10,15,,,start_charge,,starting to charge at Charger 15 (fid=10),940.1304989722661,,60.0,
Car 379,,,,,0,switch,,"Charger 0 (fid=308440) not available, trying Charger 16 (fid=11)",940.645900314025,16,,
Car 383,,,,48,,arrived,,arrived,940.928442166534,,,
Car 365,,,,,10,switch,,"Charger 10 (fid=4) not available, trying Charger 19 (fid=14)",941.0224838782964,19,,
Car 311,,,,,3,switch,,"Charger 3 (fid=307905) not available, trying Charger 18 (fid=13)",941.1267546659803,18,,
Car 331,,,,,6,switch,,"Charger 6 (fid=1) not available, trying Charger 17 (fid=12)",941.1807085945607,17,,
Car 375,,,,,14,switch,,"Charger 14 (fid=9) not available, trying Charger 9 (fid=3)",941.2856533800912,9,,
Car 384,,,,15,,arrived,,arrived,941.6257148992709,,,
Car 339,,,,,4,switch,,"Charger 4 (fid=308108) not available, trying Charger 18 (fid=13)",941.6420257375718,18,,
Car 298,,,,,7,switch,,"Charger 7 (fid=2) not available, trying Charger 4 (fid=308108)",941.6763729614579,4,,
Car 351,,,,,6,switch,,"Charger 6 (fid=1) not available, trying Charger 17 (fid=12)",941.7470568951601,17,,
Car 362,,,,,11,switch,,"Charger 11 (fid=6) not available, trying Charger 2 (fid=307904)",942.0559608967772,2,,
Car 321,,,,,1,switch,,"Charger 1 (fid=308702) not available, trying Charger 13 (fid=8)",942.1575176426784,13,,
Car 326,,,,,0,switch,,"Charger 0 (fid=308440) not available, trying Charger 4 (fid=308108)",942.2426776011083,4,,
Car 363,,,,,16,switch,,"Charger 16 (fid=11) not available, trying Charger 15 (fid=10)",942.5297321292977,15,,
Car 361,,,,,1,switch,,"Charger 1 (fid=308702) not available, trying Charger 2 (fid=307904)",942.9003933103097,2,,
Car 334,78.0,15,20,,,done,,done charging,942.9009322337618,,,313.6380226264141
Car 313,,15,20,,,start_charge,,starting to charge at Charger 20 (fid=15),942.9009322337618,,78.27835505049518,
Car 288,,,,,,gave_up,18,"no alternate charger available, gave up",942.9270501534481,,,
Car 350,,,,,16,switch,,"Charger 16 (fid=11) not available, trying Charger 7 (fid=2)",943.0066802375468,7,,
Car 367,,,,,5,switch,,"Charger 5 (fid=5) not available, trying Charger 0 (fid=308440)",943.021004037741,0,,
Car 340,,,,,13,switch,,"Charger 13 (fid=8) not available, trying Charger 15 (fid=10)",943.1413131082788,15,,
Car 385,,,,124,,arrived,,arrived,943.1660069888716,,,
Car 386,,,,56,,arrived,,arrived,943.422390765194,,,
Car 346,,,,,13,switch,,"Charger 13 (fid=8) not available, trying Charger 15 (fid=10)",944.5272750179928,15,,
Car 370,,,,,2,switch,,"Charger 2 (fid=307904) not available, trying Charger 3 (fid=307905)",944.5999506439243,3,,
Car 376,,,,,14,switch,,"Charger 14 (fid=9) not available, trying Charger 9 (fid=3)",944.788661667487,9,,
Car 364,,,,,11,switch,,"Charger 11 (fid=6) not available, trying Charger 10 (fid=4)",944.8101957026978,10,,
Car 378,,,,,16,switch,,"Charger 16 (fid=11) not available, trying Charger 11 (fid=6)",944.9554205521351,11,,
Car 290,,,,,,gave_up,20,"no alternate charger available, gave up",944.9995804769495,,,
Car 377,,,,,16,switch,,"Charger 16 (fid=11) not available, trying Charger 20 (fid=15)",945.0970869662256,20,,
Car 382,,,,,0,switch,,"Charger 0 (fid=308440) not available, trying Charger 16 (fid=11)",945.1918708090918,16,,
Car 372,,,,,10,switch,,"Charger 10 (fid=4) not available, trying Charger 19 (fid=14)",945.2564096614692,19,,
Car 373,,,,,13,switch,,"Charger 13 (fid=8) not available, trying Charger 1 (fid=308702)",945.5629935884054,1,,
Car 383,,,,,1,switch,,"Charger 1 (fid=308702) not available, trying Charger 5 (fid=5)",945.928442166534,5,,
Car 300,,,,,7,switch,,"Charger 7 (fid=2) not available, trying Charger 8 (fid=91)",945.9458308194583,8,,
Car 374,,,,,13,switch,,"Charger 13 (fid=8) not available, trying Charger 16 (fid=11)",945.9560862115918,16,,
Car 384,,,,,19,switch,,"Charger 19 (fid=14) not available, trying Charger 0 (fid=308440)",946.6257148992709,0,,
Car 331,,,,,17,switch,,"Charger 17 (fid=12) not available, trying Charger 12 (fid=7)",947.9512949453506,12,,
Car 358,,,,,14,switch,,"Charger 14 (fid=9) not available, trying Charger 11 (fid=6)",948.1433788323089,11,,
Car 385,,,,,0,switch,,"Charger 0 (fid=308440) not available, trying Charger 19 (fid=14)",948.1660069888716,19,,
Car 298,,,,,4,switch,,"Charger 4 (fid=308108) not available, trying Charger 8 (fid=91)",948.2791573614171,8,,
Car 347,78.0,9,14,,,done,,done charging,948.3282758521416,,,199.22751596698316
Car 386,,,,,19,switch,,"Charger 19 (fid=14) not available, trying Charger 0 (fid=308440)",948.422390765194,0,,
Car 351,,,,,17,switch,,"Charger 17 (fid=12) not available, trying Charger 10 (fid=4)",948.51764324595,10,,
Car 379,,,,,16,switch,,"Charger 16 (fid=11) not available, trying Charger 18 (fid=13)",948.6217506186694,18,,
Car 328,,,,,8,switch,,"Charger 8 (fid=91) not available, trying Charger 10 (fid=4)",948.8202446579797,10,,
Car 368,,,,,11,switch,,"Charger 11 (fid=6) not available, trying Charger 10 (fid=4)",949.336505736171,10,,
Car 340,,,,,15,switch,,"Charger 15 (fid=10) not available, trying Charger 6 (fid=1)",949.5202981628701,6,,
Car 370,,,,,3,switch,,"Charger 3 (fid=307905) not available, trying Charger 8 (fid=91)",949.8635768254884,8,,
Car 315,102.0,308702,1,,,done,,done charging,950.2401341949845,,,316.00098270544714
Car 375,,,,,9,switch,,"Charger 9 (fid=3) not available, trying Charger 15 (fid=10)",950.3734066813065,15,,
Car 362,,,,,2,switch,,"Charger 2 (fid=307904) not available, trying Charger 3 (fid=307905)",950.3806451352366,3,,
Car 373,,308702,1,,,start_charge,,starting to charge at Charger 1 (fid=308702),950.4121475123934,,25.0,
Car 365,,,,,19,switch,,"Charger 19 (fid=14) not available, trying Charger 16 (fid=11)",950.6277515540529,16,,
Car 387,,,,57,,arrived,,arrived,950.6601352832251,,,
Car 363,,,,,15,switch,,"Charger 15 (fid=10) not available, trying Charger 19 (fid=14)",950.837949818759,19,,
Car 346,,,,,15,switch,,"Charger 15 (fid=10) not available, trying Charger 6 (fid=1)",950.906260072584,6,,
Car 388,,,,29,,arrived,,arrived,950.9153310698309,,,
Car 389,,,,68,,arrived,,arrived,951.6957706513792,,,
Car 321,,,,,13,switch,,"Charger 13 (fid=8) not available, trying Charger 10 (fid=4)",952.0066715666663,10,,
Car 378,,,,,11,switch,,"Charger 11 (fid=6) not available, trying Charger 18 (fid=13)",952.1198166855884,18,,
Car 311,,,,,18,switch,,"Charger 18 (fid=13) not available, trying Charger 17 (fid=12)",952.1940537271581,17,,
Car 353,81.0,5,5,,,done,,done charging,952.4620253050562,,,221.2671675559766
Car 383,,5,5,,,start_charge,,starting to charge at Charger 5 (fid=5),952.4620253050562,,7.9784697811022625,
Car 390,,,,28,,arrived,,arrived,952.4869782729409,,,
Car 391,,,,34,,arrived,,arrived,952.5991168660877,,,
Car 300,,,,,,gave_up,8,"no alternate charger available, gave up",952.772822006487,,,
Car 350,,,,,7,switch,,"Charger 7 (fid=2) not available, trying Charger 4 (fid=308108)",953.1135012353037,4,,
Car 382,,,,,16,switch,,"Charger 16 (fid=11) not available, trying Charger 18 (fid=13)",953.1677211137362,18,,
Car 384,,,,,0,switch,,"Charger 0 (fid=308440) not available, trying Charger 11 (fid=6)",953.220109361136,11,,
Car 367,,,,,0,switch,,"Charger 0 (fid=308440) not available, trying Charger 14 (fid=9)",953.5781873482082,14,,
Car 376,,,,,9,switch,,"Charger 9 (fid=3) not available, trying Charger 15 (fid=10)",953.8764149687023,15,,
Car 374,,,,,16,switch,,"Charger 16 (fid=11) not available, trying Charger 11 (fid=6)",954.3652364970878,11,,
Car 361,,,,,2,switch,,"Charger 2 (fid=307904) not available, trying Charger 3 (fid=307905)",954.3881726884551,3,,
Car 326,,,,,4,switch,,"Charger 4 (fid=308108) not available, trying Charger 20 (fid=15)",954.6041366441561,20,,
Car 385,,,,,19,switch,,"Charger 19 (fid=14) not available, trying Charger 18 (fid=13)",954.7604014507367,18,,
Car 372,,,,,19,switch,,"Charger 19 (fid=14) not available, trying Charger 16 (fid=11)",954.8616773372257,16,,
Car 386,,,,,0,switch,,"Charger 0 (fid=308440) not available, trying Charger 16 (fid=11)",955.0167852270591,16,,
Car 364,,,,,10,switch,,"Charger 10 (fid=4) not available, trying Charger 5 (fid=5)",955.138223242623,5,,
Car 298,,,,,8,switch,,"Charger 8 (fid=91) not available, trying Charger 20 (fid=15)",955.4895690444981,20,,
Car 339,,,,,18,switch,,"Charger 18 (fid=13) not available, trying Charger 1 (fid=308702)",955.627402435938,1,,
Car 377,,,,,20,switch,,"Charger 20 (fid=15) not available, trying Charger 15 (fid=10)",955.6390320604031,15,,
Car 362,,,,,3,switch,,"Charger 3 (fid=307905) not available, trying Charger 14 (fid=9)",955.6442713168007,14,,
Car 295,114.0,91,8,,,done,,done charging,955.6601224625258,,,289.39614319028084
Car 370,,91,8,,,start_charge,,starting to charge at Charger 8 (fid=91),955.6601224625258,,32.86856425712426,
Car 387,,,,,19,switch,,"Charger 19 (fid=14) not available, trying Charger 0 (fid=308440)",955.6601352832251,0,,
Car 388,,,,,19,switch,,"Charger 19 (fid=14) not available, trying Charger 0 (fid=308440)",955.9153310698309,0,,
Car 331,,,,,12,switch,,"Charger 12 (fid=7) not available, trying Charger 9 (fid=3)",956.1112201467099,9,,
Car 299,90.0,12,17,,,done,,done charging,956.3124210658544,,,455.0282208273489
Car 389,,,,,0,switch,,"Charger 0 (fid=308440) not available, trying Charger 19 (fid=14)",956.6957706513792,19,,
Car 390,,,,,1,switch,,"Charger 1 (fid=308702) not available, trying Charger 18 (fid=13)",957.4869782729409,18,,
Car 358,,,,,11,switch,,"Charger 11 (fid=6) not available, trying Charger 9 (fid=3)",957.5593118298594,9,,
Car 391,,,,,19,switch,,"Charger 19 (fid=14) not available, trying Charger 0 (fid=308440)",957.5991168660877,0,,
Car 392,,,,31,,arrived,,arrived,957.6056652320016,,,
Car 365,,,,,16,switch,,"Charger 16 (fid=11) not available, trying Charger 13 (fid=8)",957.8576837909901,13,,
Car 379,,,,,18,switch,,"Charger 18 (fid=13) not available, trying Charger 1 (fid=308702)",958.2215185786322,1,,
Car 367,,9,14,,,start_charge,,starting to charge at Charger 14 (fid=9),958.3958014501865,,30.0,
Car 311,,12,17,,,start_charge,,starting to charge at Charger 17 (fid=12),959.2170634217979,,90.0,
Car 321,,,,,10,switch,,"Charger 10 (fid=4) not available, trying Charger 5 (fid=5)",959.4719763860387,5,,
Car 361,,,,,3,switch,,"Charger 3 (fid=307905) not available, trying Charger 14 (fid=9)",959.6517988700192,14,,
Car 368,,,,,10,switch,,"Charger 10 (fid=4) not available, trying Charger 5 (fid=5)",959.6645332760962,5,,
Car 319,116.0,1,6,,,done,,done charging,959.6914339007382,,,379.08257141231957
Car 340,,1,6,,,start_charge,,starting to charge at Charger 6 (fid=1),959.6914339007382,,69.14600420253805,
Car 350,,,,,4,switch,,"Charger 4 (fid=308108) not available, trying Charger 18 (fid=13)",959.7162856352629,18,,
Car 375,,,,,15,switch,,"Charger 15 (fid=10) not available, trying Charger 13 (fid=8)",959.9734306035658,13,,
Car 359,49.0,6,11,,,done,,done charging,960.0435987442884,,,254.05428142096164
Car 374,,6,11,,,start_charge,,starting to charge at Charger 11 (fid=6),960.0435987442884,,28.5139661137473,
Car 349,80.0,11,16,,,done,,done charging,960.1526220783264,,,244.57741500785582
Car 372,,11,16,,,start_charge,,starting to charge at Charger 16 (fid=11),960.1526220783264,,33.0610125041635,
Car 363,,,,,19,switch,,"Charger 19 (fid=14) not available, trying Charger 18 (fid=13)",960.7966748648041,18,,
Car 364,,,,,5,switch,,"Charger 5 (fid=5) not available, trying Charger 13 (fid=8)",961.026623291011,13,,
Car 351,,,,,10,switch,,"Charger 10 (fid=4) not available, trying Charger 5 (fid=5)",961.4469999843305,5,,
Car 346,,,,,6,switch,,"Charger 6 (fid=1) not available, trying Charger 17 (fid=12)",961.9313916079141,17,,
Car 366,56.0,308440,0,,,done,,done charging,962.1471287966341,,,147.43537004618995
Car 387,,308440,0,,,start_charge,,starting to charge at Charger 0 (fid=308440),962.1471287966341,,9.892599051543812,
Car 393,,,,71,,arrived,,arrived,962.2335491272969,,,
Car 384,,,,,11,switch,,"Charger 11 (fid=6) not available, trying Charger 16 (fid=11)",962.3886403499888,16,,
Car 388,,,,,0,switch,,"Charger 0 (fid=308440) not available, trying Charger 11 (fid=6)",962.5097255316961,11,,
Car 392,,,,,1,switch,,"Charger 1 (fid=308702) not available, trying Charger 18 (fid=13)",962.6056652320016,18,,
Car 382,,,,,18,switch,,"Charger 18 (fid=13) not available, trying Charger 1 (fid=308702)",962.767489073699,1,,
Car 339,,,,,1,switch,,"Charger 1 (fid=308702) not available, trying Charger 20 (fid=15)",962.8105933737984,20,,
Car 378,,,,,18,switch,,"Charger 18 (fid=13) not available, trying Charger 2 (fid=307904)",962.9242290948561,2,,
Car 385,,,,,18,switch,,"Charger 18 (fid=13) not available, trying Charger 16 (fid=11)",962.9787135679203,16,,
Car 386,,,,,16,switch,,"Charger 16 (fid=11) not available, trying Charger 18 (fid=13)",962.9926355317035,18,,
Car 328,,,,,10,switch,,"Charger 10 (fid=4) not available, trying Charger 15 (fid=10)",963.0608045376968,15,,
Car 389,,,,,19,switch,,"Charger 19 (fid=14) not available, trying Charger 18 (fid=13)",963.2901651132444,18,,
Car 376,,,,,15,switch,,"Charger 15 (fid=10) not available, trying Charger 13 (fid=8)",963.4764388909616,13,,
Car 326,,,,,20,switch,,"Charger 20 (fid=15) not available, trying Charger 17 (fid=12)",963.8444292362899,17,,
Car 391,,,,,0,switch,,"Charger 0 (fid=308440) not available, trying Charger 16 (fid=11)",964.1935113279528,16,,
Car 390,,,,,18,switch,,"Charger 18 (fid=13) not available, trying Charger 5 (fid=5)",964.6701692108012,5,,
Car 298,,,,,,gave_up,20,"no alternate charger available, gave up",965.3094182438746,,,
Car 321,,,,,5,switch,,"Charger 5 (fid=5) not available, trying Charger 20 (fid=15)",965.3603764344267,20,,
Car 379,,,,,1,switch,,"Charger 1 (fid=308702) not available, trying Charger 14 (fid=9)",965.4047095164925,14,,
Car 368,,,,,5,switch,,"Charger 5 (fid=5) not available, trying Charger 13 (fid=8)",965.5529333244842,13,,
Car 341,62.0,8,13,,,done,,done charging,965.8404102292454,,,347.7277490683222
Car 365,,8,13,,,start_charge,,starting to charge at Charger 13 (fid=8),965.8404102292454,,39.5735761527593,
Car 375,,,,,13,switch,,"Charger 13 (fid=8) not available, trying Charger 19 (fid=14)",966.352415658157,19,,
Car 394,,,,51,,arrived,,arrived,966.4297478533877,,,
Car 362,,,,,14,switch,,"Charger 14 (fid=9) not available, trying Charger 10 (fid=4)",966.7288374521503,10,,
Car 273,117.0,308702,1,,,done,,done charging,966.7734642897802,,,589.6806569382564
Car 382,,308702,1,,,start_charge,,starting to charge at Charger 1 (fid=308702),966.7734642897802,,21.822784278220865,
Car 331,,,,,9,switch,,"Charger 9 (fid=3) not available, trying Charger 7 (fid=2)",966.8849776831161,7,,
Car 393,,,,,19,switch,,"Charger 19 (fid=14) not available, trying Charger 0 (fid=308440)",967.2335491272969,0,,
Car 377,,,,,15,switch,,"Charger 15 (fid=10) not available, trying Charger 11 (fid=6)",967.3226457929017,11,,
Car 351,,,,,5,switch,,"Charger 5 (fid=5) not available, trying Charger 13 (fid=8)",967.3354000327186,13,,
Car 358,,,,,9,switch,,"Charger 9 (fid=3) not available, trying Charger 17 (fid=12)",967.3541804659806,17,,
Car 332,114.0,3,9,,,done,,done charging,968.3559140075465,,,332.1682651696135
Car 346,,,,,17,switch,,"Charger 17 (fid=12) not available, trying Charger 12 (fid=7)",968.701977958704,12,,
Car 364,,,,,13,switch,,"Charger 13 (fid=8) not available, trying Charger 15 (fid=10)",968.9619912306307,15,,
Car 363,,,,,18,switch,,"Charger 18 (fid=13) not available, trying Charger 11 (fid=6)",969.0149869819877,11,,
Car 333,118.0,5,5,,,done,,done charging,969.4975266778375,,,289.6962539046608
Car 384,,,,,16,switch,,"Charger 16 (fid=11) not available, trying Charger 2 (fid=307904)",969.553036483442,2,,
Car 392,,,,,18,switch,,"Charger 18 (fid=13) not available, trying Charger 0 (fid=308440)",969.7888561698619,0,,
Car 376,,,,,13,switch,,"Charger 13 (fid=8) not available, trying Charger 19 (fid=14)",969.8554239455528,19,,
Car 390,,5,5,,,start_charge,,starting to charge at Charger 5 (fid=5),970.0434372836888,,10.0,
Car 338,60.0,15,20,,,done,,done charging,970.5857233124036,,,341.05914375696796
Car 394,,15,20,,,start_charge,,starting to charge at Charger 20 (fid=15),970.5857233124036,,4.155975459015963,
Car 361,,,,,14,switch,,"Charger 14 (fid=9) not available, trying Charger 10 (fid=4)",970.7363650053688,10,,
Car 395,,,,30,,arrived,,arrived,971.1057114089145,,,
Car 309,86.0,307905,3,,,done,,done charging,971.2773537882566,,,617.3280747469338
Car 328,,,,,15,switch,,"Charger 15 (fid=10) not available, trying Charger 7 (fid=2)",971.2924663097223,7,,
Car 389,,,,,18,switch,,"Charger 18 (fid=13) not available, trying Charger 16 (fid=11)",971.508477230428,16,,
Car 388,,,,,11,switch,,"Charger 11 (fid=6) not available, trying Charger 16 (fid=11)",971.6782565205489,16,,
Car 391,,,,,16,switch,,"Charger 16 (fid=11) not available, trying Charger 11 (fid=6)",972.1693616325972,11,,
Car 385,,,,,16,switch,,"Charger 16 (fid=11) not available, trying Charger 1 (fid=308702)",972.5784815278831,1,,
Car 386,,,,,18,switch,,"Charger 18 (fid=13) not available, trying Charger 1 (fid=308702)",972.5924034916663,1,,
Car 291,78.0,10,15,,,done,,done charging,972.9642150573227,,,417.6225945199163
Car 364,,10,15,,,start_charge,,starting to charge at Charger 15 (fid=10),972.9642150573227,,47.62323877210076,
Car 360,70.0,1,6,,,done,,done charging,973.1250942424127,,,202.96976209242717
Car 368,,,,,13,switch,,"Charger 13 (fid=8) not available, trying Charger 15 (fid=10)",973.4883012641039,15,,
Car 350,,,,,18,switch,,"Charger 18 (fid=13) not available, trying Charger 1 (fid=308702)",973.7016623336292,1,,
Car 393,,,,,0,switch,,"Charger 0 (fid=308440) not available, trying Charger 16 (fid=11)",973.827943589162,16,,
Car 396,,,,36,,arrived,,arrived,973.9210931500536,,,
Car 378,,,,,2,switch,,"Charger 2 (fid=307904) not available, trying Charger 3 (fid=307905)",973.9751913244131,3,,
Car 378,,307905,3,,,start_charge,,starting to charge at Charger 3 (fid=307905),974.2388175059772,,30.0,
Car 326,,,,,17,switch,,"Charger 17 (fid=12) not available, trying Charger 7 (fid=2)",974.7129593423906,7,,
Car 362,,,,,10,switch,,"Charger 10 (fid=4) not available, trying Charger 6 (fid=1)",975.0014186928114,6,,
Car 351,,,,,13,switch,,"Charger 13 (fid=8) not available, trying Charger 15 (fid=10)",975.2707679723383,15,,
Car 379,,,,,14,switch,,"Charger 14 (fid=9) not available, trying Charger 11 (fid=6)",975.3259612517787,11,,
Car 344,55.0,9,14,,,done,,done charging,975.3337844586883,,,343.73307783913015
Car 397,,,,77,,arrived,,arrived,975.3401432539409,,,
Car 397,,1,6,,,start_charge,,starting to charge at Charger 6 (fid=1),975.3401432539409,,0.0,
Car 395,,,,,19,switch,,"Charger 19 (fid=14) not available, trying Charger 0 (fid=308440)",976.1057114089145,0,,
Car 375,,,,,19,switch,,"Charger 19 (fid=14) not available, trying Charger 6 (fid=1)",976.1961338712124,6,,
Car 346,,,,,12,switch,,"Charger 12 (fid=7) not available, trying Charger 9 (fid=3)",976.8619031600633,9,,
Car 392,,,,,0,switch,,"Charger 0 (fid=308440) not available, trying Charger 10 (fid=4)",977.0160493891639,10,,
Car 339,,,,,20,switch,,"Charger 20 (fid=15) not available, trying Charger 14 (fid=9)",977.0719711667364,14,,
Car 377,,,,,11,switch,,"Charger 11 (fid=6) not available, trying Charger 13 (fid=8)",977.3067547649441,13,,
Car 398,,,,63,,arrived,,arrived,978.3088887917072,,,
Car 384,,,,,2,switch,,"Charger 2 (fid=307904) not available, trying Charger 3 (fid=307905)",978.371495108719,3,,
Car 331,,,,,7,switch,,"Charger 7 (fid=2) not available, trying Charger 4 (fid=308108)",978.3947638098929,4,,
Car 399,,,,16,,arrived,,arrived,978.4435222078869,,,
Car 356,91.0,308108,4,,,done,,done charging,978.5041112589055,,,138.47203364136507
Car 321,,,,,20,switch,,"Charger 20 (fid=15) not available, trying Charger 8 (fid=91)",978.5883776940115,8,,
Car 388,,,,,16,switch,,"Charger 16 (fid=11) not available, trying Charger 2 (fid=307904)",978.8426526540021,2,,
Car 396,,,,,19,switch,,"Charger 19 (fid=14) not available, trying Charger 0 (fid=308440)",978.9210931500536,0,,
Car 361,,,,,10,switch,,"Charger 10 (fid=4) not available, trying Charger 6 (fid=1)",979.00894624603,6,,
Car 391,,,,,11,switch,,"Charger 11 (fid=6) not available, trying Charger 2 (fid=307904)",979.3337577660504,2,,
Car 358,,,,,17,switch,,"Charger 17 (fid=12) not available, trying Charger 15 (fid=10)",979.4236329288422,15,,
Car 376,,,,,19,switch,,"Charger 19 (fid=14) not available, trying Charger 6 (fid=1)",979.6991421586082,6,,
Car 386,,,,,1,switch,,"Charger 1 (fid=308702) not available, trying Charger 14 (fid=9)",979.7755944295267,14,,
Car 363,,,,,11,switch,,"Charger 11 (fid=6) not available, trying Charger 0 (fid=308440)",979.8193993912554,0,,
Car 368,,,,,15,switch,,"Charger 15 (fid=10) not available, trying Charger 18 (fid=13)",979.8672863186952,18,,
Car 331,,308108,4,,,start_charge,,starting to charge at Charger 4 (fid=308108),979.9975482098521,,90.0,
Car 400,,,,34,,arrived,,arrived,980.3488012286955,,,
Car 264,96.0,2,7,,,done,,done charging,980.4867893554277,,,475.3780114830349
Car 326,,2,7,,,start_charge,,starting to charge at Charger 7 (fid=2),980.4867893554277,,86.89799239953845,
Car 350,,,,,1,switch,,"Charger 1 (fid=308702) not available, trying Charger 20 (fid=15)",980.8848532714895,20,,
Car 389,,,,,16,switch,,"Charger 16 (fid=11) not available, trying Charger 1 (fid=308702)",981.1082451903908,1,,
Car 277,85.0,91,8,,,done,,done charging,981.2418385403272,,,464.1805500963003
Car 385,,,,,1,switch,,"Charger 1 (fid=308702) not available, trying Charger 11 (fid=6)",981.590948919727,11,,
Car 351,,,,,15,switch,,"Charger 15 (fid=10) not available, trying Charger 12 (fid=7)",981.6497530269295,12,,
Car 393,,,,,16,switch,,"Charger 16 (fid=11) not available, trying Charger 18 (fid=13)",981.8037938938064,18,,
Car 292,108.0,308108,4,,,done,,done charging,982.4227731734703,,,482.57987885109924
Car 346,,3,9,,,start_charge,,starting to charge at Charger 9 (fid=3),982.6356606964695,,80.0,
Car 395,,,,,0,switch,,"Charger 0 (fid=308440) not available, trying Charger 16 (fid=11)",982.7001058707797,16,,
Car 401,,,,4,,arrived,,arrived,982.7674986435012,,,
Car 339,,9,14,,,start_charge,,starting to charge at Charger 14 (fid=9),983.2410089761454,,75.0,
Car 398,,,,,10,switch,,"Charger 10 (fid=4) not available, trying Charger 5 (fid=5)",983.3088887917072,5,,
Car 321,,91,8,,,start_charge,,starting to charge at Charger 8 (fid=91),983.4082268933879,,95.0,
Car 399,,,,,16,switch,,"Charger 16 (fid=11) not available, trying Charger 19 (fid=14)",983.4435222078869,19,,
Car 384,,,,,3,switch,,"Charger 3 (fid=307905) not available, trying Charger 6 (fid=1)",983.6351212902831,6,,
Car 328,,,,,7,switch,,"Charger 7 (fid=2) not available, trying Charger 5 (fid=5)",983.6626663351021,5,,
Car 379,,,,,11,switch,,"Charger 11 (fid=6) not available, trying Charger 10 (fid=4)",984.7418942493292,10,,
Car 400,,,,,1,switch,,"Charger 1 (fid=308702) not available, trying Charger 18 (fid=13)",985.3488012286955,18,,
Car 396,,,,,0,switch,,"Charger 0 (fid=308440) not available, trying Charger 11 (fid=6)",985.5154876119187,11,,
Car 375,,,,,6,switch,,"Charger 6 (fid=1) not available, trying Charger 2 (fid=307904)",985.5174713464162,2,,
Car 362,,,,,6,switch,,"Charger 6 (fid=1) not available, trying Charger 17 (fid=12)",986.9391139088503,17,,
Car 392,,,,,10,switch,,"Charger 10 (fid=4) not available, trying Charger 5 (fid=5)",987.3672351326276,5,,
Car 377,,,,,13,switch,,"Charger 13 (fid=8) not available, trying Charger 6 (fid=1)",987.6041256591468,6,,
Car 391,,,,,2,switch,,"Charger 2 (fid=307904) not available, trying Charger 3 (fid=307905)",987.6584420045099,3,,
Car 388,,,,,2,switch,,"Charger 2 (fid=307904) not available, trying Charger 3 (fid=307905)",987.6611112792791,3,,
Car 401,,,,,11,switch,,"Charger 11 (fid=6) not available, trying Charger 16 (fid=11)",987.7674986435012,16,,
Car 306,113.0,12,17,,,done,,done charging,987.9177143025848,,,449.9847050599441
Car 402,,,,4,,arrived,,arrived,988.6022181411173,,,
Car 362,,12,17,,,start_charge,,starting to charge at Charger 17 (fid=12),988.7097002596403,,55.0,
Car 363,,,,,0,switch,,"Charger 0 (fid=308440) not available, trying Charger 9 (fid=3)",988.9879303801082,9,,
Car 376,,,,,6,switch,,"Charger 6 (fid=1) not available, trying Charger 2 (fid=307904)",989.020479633812,2,,
Car 398,,,,,5,switch,,"Charger 5 (fid=5) not available, trying Charger 13 (fid=8)",989.1972888400952,13,,
Car 386,,,,,14,switch,,"Charger 14 (fid=9) not available, trying Charger 11 (fid=6)",989.6968461648129,11,,
Car 384,,,,,6,switch,,"Charger 6 (fid=1) not available, trying Charger 17 (fid=12)",989.8413116832245,17,,
Car 280,54.0,13,18,,,done,,done charging,989.9611453770555,,,719.6826453333654
Car 393,,13,18,,,start_charge,,starting to charge at Charger 18 (fid=13),989.9611453770555,,18.557583523286212,
Car 389,,,,,1,switch,,"Charger 1 (fid=308702) not available, trying Charger 11 (fid=6)",990.1207125822347,11,,
Car 399,,,,,19,switch,,"Charger 19 (fid=14) not available, trying Charger 0 (fid=308440)",990.6734544448241,0,,
Car 395,,,,,16,switch,,"Charger 16 (fid=11) not available, trying Charger 11 (fid=6)",990.6759561754241,11,,
Car 352,52.0,6,11,,,done,,done charging,990.7647472173084,,,460.98429140714705
Car 385,,6,11,,,start_charge,,starting to charge at Charger 11 (fid=6),990.7647472173084,,28.95668645643252,
Car 361,,,,,6,switch,,"Charger 6 (fid=1) not available, trying Charger 17 (fid=12)",990.9466414620689,17,,
Car 342,51.0,10,15,,,done,,done charging,991.1304989722661,,,433.03431459181
Car 358,,10,15,,,start_charge,,starting to charge at Charger 15 (fid=10),991.1304989722661,,59.446248194952545,
Car 375,,,,,2,switch,,"Charger 2 (fid=307904) not available, trying Charger 3 (fid=307905)",991.7073249077367,3,,
Car 368,,,,,18,switch,,"Charger 18 (fid=13) not available, trying Charger 2 (fid=307904)",992.195847087766,2,,
Car 400,,,,,18,switch,,"Charger 18 (fid=13) not available, trying Charger 0 (fid=308440)",992.5319921665558,0,,
Car 351,,,,,12,switch,,"Charger 12 (fid=7) not available, trying Charger 9 (fid=3)",992.8102543823353,9,,
Car 391,,,,,3,switch,,"Charger 3 (fid=307905) not available, trying Charger 18 (fid=13)",992.922068186074,18,,
Car 388,,,,,3,switch,,"Charger 3 (fid=307905) not available, trying Charger 6 (fid=1)",992.9247374608432,6,,
Car 403,,,,4,,arrived,,arrived,993.211518380916,,,
Car 392,,,,,5,switch,,"Charger 5 (fid=5) not available, trying Charger 19 (fid=14)",993.2556351810156,19,,
Car 312,95.0,4,10,,,done,,done charging,993.449608819779,,,383.61879739051847
Car 379,,4,10,,,start_charge,,starting to charge at Charger 10 (fid=4),993.449608819779,,38.379687030524565,
Car 402,,,,,11,switch,,"Charger 11 (fid=6) not available, trying Charger 16 (fid=11)",993.6022181411173,16,,
Car 396,,,,,11,switch,,"Charger 11 (fid=6) not available, trying Charger 16 (fid=11)",994.6840186007715,16,,
Car 401,,,,,16,switch,,"Charger 16 (fid=11) not available, trying Charger 6 (fid=1)",994.9318947769544,6,,
Car 350,,,,,20,switch,,"Charger 20 (fid=15) not available, trying Charger 14 (fid=9)",995.1462310644275,14,,
Car 376,,,,,2,switch,,"Charger 2 (fid=307904) not available, trying Charger 3 (fid=307905)",995.2103331951325,3,,
Car 404,,,,16,,arrived,,arrived,995.2336201911961,,,
Car 405,,,,38,,arrived,,arrived,996.0060550591713,,,
Car 384,,,,,17,switch,,"Charger 17 (fid=12) not available, trying Charger 18 (fid=13)",996.6118980340144,18,,
Car 375,,,,,3,switch,,"Charger 3 (fid=307905) not available, trying Charger 12 (fid=7)",996.9709510893008,12,,
Car 398,,,,,13,switch,,"Charger 13 (fid=8) not available, trying Charger 15 (fid=10)",997.1326567797149,15,,
Car 406,,,,39,,arrived,,arrived,997.1548161967455,,,
Car 328,,,,,5,switch,,"Charger 5 (fid=5) not available, trying Charger 13 (fid=8)",997.1555451355848,13,,
Car 399,,,,,0,switch,,"Charger 0 (fid=308440) not available, trying Charger 11 (fid=6)",997.2678489066892,11,,
Car 407,,,,29,,arrived,,arrived,997.503261938879,,,
Car 361,,,,,17,switch,,"Charger 17 (fid=12) not available, trying Charger 5 (fid=5)",997.7172278128588,5,,
Car 395,,,,,11,switch,,"Charger 11 (fid=6) not available, trying Charger 2 (fid=307904)",997.8403523088773,2,,
Car 408,,,,32,,arrived,,arrived,997.9168757253892,,,
Car 403,,,,,10,switch,,"Charger 10 (fid=4) not available, trying Charger 5 (fid=5)",998.211518380916,5,,
Car 409,,,,37,,arrived,,arrived,998.8109103583572,,,
Car 377,,,,,6,switch,,"Charger 6 (fid=1) not available, trying Charger 12 (fid=7)",998.9648752170549,12,,
Car 386,,,,,11,switch,,"Charger 11 (fid=6) not available, trying Charger 2 (fid=307904)",999.1127791623634,2,,
Car 388,,,,,6,switch,,"Charger 6 (fid=1) not available, trying Charger 17 (fid=12)",999.1309278537846,17,,
Car 410,,,,8,,arrived,,arrived,999.7170141001197,,,
Car 400,,,,,0,switch,,"Charger 0 (fid=308440) not available, trying Charger 19 (fid=14)",999.7591853858578,19,,
Car 404,,,,,16,switch,,"Charger 16 (fid=11) not available, trying Charger 19 (fid=14)",1000.2336201911961,19,,
Car 389,,,,,11,switch,,"Charger 11 (fid=6) not available, trying Charger 2 (fid=307904)",1000.3378244233835,2,,
Car 376,,,,,3,switch,,"Charger 3 (fid=307905) not available, trying Charger 12 (fid=7)",1000.4739593766966,12,,
Car 402,,,,,16,switch,,"Charger 16 (fid=11) not available, trying Charger 6 (fid=1)",1000.7666142745705,6,,
Car 363,,,,,9,switch,,"Charger 9 (fid=3) not available, trying Charger 6 (fid=1)",1000.8113830477978,6,,
Car 405,,,,,10,switch,,"Charger 10 (fid=4) not available, trying Charger 5 (fid=5)",1001.0060550591713,5,,
Car 318,87.0,7,12,,,done,,done charging,1001.6407376929485,,,422.0399394970404
Car 375,,7,12,,,start_charge,,starting to charge at Charger 12 (fid=7),1001.6407376929485,,52.074257360136926,
Car 396,,,,,16,switch,,"Charger 16 (fid=11) not available, trying Charger 2 (fid=307904)",1001.8484147342248,2,,
Car 406,,,,,9,switch,,"Charger 9 (fid=3) not available, trying Charger 20 (fid=15)",1002.1548161967455,20,,
Car 411,,,,41,,arrived,,arrived,1002.3874899161876,,,
Car 407,,,,,1,switch,,"Charger 1 (fid=308702) not available, trying Charger 18 (fid=13)",1002.503261938879,18,,
Car 408,,,,,19,switch,,"Charger 19 (fid=14) not available, trying Charger 0 (fid=308440)",1002.9168757253892,0,,
Car 392,,,,,19,switch,,"Charger 19 (fid=14) not available, trying Charger 16 (fid=11)",1003.0669004237755,16,,
Car 412,,,,118,,arrived,,arrived,1003.112574457633,,,
Car 294,95.0,14,19,,,done,,done charging,1003.1867303079847,,,466.5989179485197
Car 400,,14,19,,,start_charge,,starting to charge at Charger 19 (fid=14),1003.1867303079847,,16.833150460261777,
Car 368,,,,,2,switch,,"Charger 2 (fid=307904) not available, trying Charger 3 (fid=307905)",1003.246809317323,3,,
Car 398,,,,,15,switch,,"Charger 15 (fid=10) not available, trying Charger 14 (fid=9)",1003.5116418343061,14,,
Car 351,,,,,9,switch,,"Charger 9 (fid=3) not available, trying Charger 8 (fid=91)",1003.5840119187415,8,,
Car 401,,,,,6,switch,,"Charger 6 (fid=1) not available, trying Charger 2 (fid=307904)",1003.6895297572711,2,,
Car 409,,,,,10,switch,,"Charger 10 (fid=4) not available, trying Charger 5 (fid=5)",1003.8109103583572,5,,
Car 391,,,,,18,switch,,"Charger 18 (fid=13) not available, trying Charger 6 (fid=1)",1003.9893672472517,6,,
Car 403,,,,,5,switch,,"Charger 5 (fid=5) not available, trying Charger 13 (fid=8)",1004.099918429304,13,,
Car 335,113.0,14,19,,,done,,done charging,1004.6792363672964,,,288.9843561002987
Car 404,,14,19,,,start_charge,,starting to charge at Charger 19 (fid=14),1004.6792363672964,,7.215683939163114,
Car 410,,,,,13,switch,,"Charger 13 (fid=8) not available, trying Charger 15 (fid=10)",1004.7170141001197,15,,
Car 328,,,,,13,switch,,"Charger 13 (fid=8) not available, trying Charger 4 (fid=308108)",1005.0909130752045,4,,
Car 377,,,,,12,switch,,"Charger 12 (fid=7) not available, trying Charger 19 (fid=14)",1005.8893141052729,19,,
Car 388,,,,,17,switch,,"Charger 17 (fid=12) not available, trying Charger 18 (fid=13)",1005.9015142045745,18,,
Car 395,,,,,2,switch,,"Charger 2 (fid=307904) not available, trying Charger 3 (fid=307905)",1006.1650365473367,3,,
Car 350,,,,,14,switch,,"Charger 14 (fid=9) not available, trying Charger 9 (fid=3)",1006.3152688738365,9,,
Car 399,,,,,11,switch,,"Charger 11 (fid=6) not available, trying Charger 14 (fid=9)",1006.436379895542,14,,
Car 405,,,,,5,switch,,"Charger 5 (fid=5) not available, trying Charger 1 (fid=308702)",1006.8944551075593,1,,
Car 411,,,,,1,switch,,"Charger 1 (fid=308702) not available, trying Charger 18 (fid=13)",1007.3874899161876,18,,
Car 386,,,,,2,switch,,"Charger 2 (fid=307904) not available, trying Charger 3 (fid=307905)",1007.4374634008228,3,,
Car 370,52.0,91,8,,,done,,done charging,1007.6601224625258,,,232.56091745641598
Car 376,,,,,12,switch,,"Charger 12 (fid=7) not available, trying Charger 4 (fid=308108)",1008.0694886202074,4,,
Car 412,,,,,2,switch,,"Charger 2 (fid=307904) not available, trying Charger 3 (fid=307905)",1008.112574457633,3,,
Car 368,,,,,3,switch,,"Charger 3 (fid=307905) not available, trying Charger 6 (fid=1)",1008.5104354988871,6,,
Car 384,,,,,18,switch,,"Charger 18 (fid=13) not available, trying Charger 14 (fid=9)",1008.6349077286542,14,,
Car 389,,,,,2,switch,,"Charger 2 (fid=307904) not available, trying Charger 3 (fid=307905)",1008.6625086618429,3,,
Car 413,,,,68,,arrived,,arrived,1009.4038555094793,,,
Car 408,,,,,0,switch,,"Charger 0 (fid=308440) not available, trying Charger 16 (fid=11)",1009.5112701872544,16,,
Car 402,,,,,6,switch,,"Charger 6 (fid=1) not available, trying Charger 2 (fid=307904)",1009.5242492548872,2,,
Car 414,,,,57,,arrived,,arrived,1009.5294125909993,,,
Car 355,112.0,11,16,,,done,,done charging,1009.6523816097933,,,276.1846536572704
Car 392,,11,16,,,start_charge,,starting to charge at Charger 16 (fid=11),1009.6523816097933,,34.355548949080685,
Car 407,,,,,18,switch,,"Charger 18 (fid=13) not available, trying Charger 0 (fid=308440)",1009.6864528767393,0,,
Car 409,,,,,5,switch,,"Charger 5 (fid=5) not available, trying Charger 14 (fid=9)",1009.6993104067452,14,,
Car 376,,308108,4,,,start_charge,,starting to charge at Charger 4 (fid=308108),1009.7318179556379,,55.0,
Car 401,,,,,2,switch,,"Charger 2 (fid=307904) not available, trying Charger 3 (fid=307905)",1009.8793833185916,3,,
Car 415,,,,37,,arrived,,arrived,1010.0255452977073,,,
Car 398,,,,,14,switch,,"Charger 14 (fid=9) not available, trying Charger 1 (fid=308702)",1010.0465531905227,1,,
Car 416,,,,4,,arrived,,arrived,1010.0502866878999,,,
Car 406,,,,,20,switch,,"Charger 20 (fid=15) not available, trying Charger 14 (fid=9)",1010.5863414487319,14,,
Car 396,,,,,2,switch,,"Charger 2 (fid=307904) not available, trying Charger 3 (fid=307905)",1010.6668733595018,3,,
Car 351,,91,8,,,start_charge,,starting to charge at Charger 8 (fid=91),1010.70142532864,,85.0,
Car 417,,,,1,,arrived,,arrived,1010.85044913258,,,
Car 361,,,,,5,switch,,"Charger 5 (fid=5) not available, trying Charger 13 (fid=8)",1010.8525821182427,13,,
Car 410,,,,,15,switch,,"Charger 15 (fid=10) not available, trying Charger 14 (fid=9)",1011.095999154711,14,,
Car 395,,,,,3,switch,,"Charger 3 (fid=307905) not available, trying Charger 18 (fid=13)",1011.4286627289008,18,,
Car 418,,,,8,,arrived,,arrived,1011.4778310666732,,,
Car 363,,,,,6,switch,,"Charger 6 (fid=1) not available, trying Charger 2 (fid=307904)",1011.6453491975182,2,,
Car 403,,,,,13,switch,,"Charger 13 (fid=8) not available, trying Charger 15 (fid=10)",1012.0352863689237,15,,
Car 386,,,,,3,switch,,"Charger 3 (fid=307905) not available, trying Charger 10 (fid=4)",1012.7010895823869,10,,
Car 412,,,,,3,switch,,"Charger 3 (fid=307905) not available, trying Charger 6 (fid=1)",1013.376200639197,6,,
Car 419,,,,60,,arrived,,arrived,1013.7387180972765,,,
Car 420,,,,37,,arrived,,arrived,1013.8297406196942,,,
Car 389,,,,,3,switch,,"Charger 3 (fid=307905) not available, trying Charger 14 (fid=9)",1013.926134843407,14,,
Car 413,,,,,0,switch,,"Charger 0 (fid=308440) not available, trying Charger 19 (fid=14)",1014.4038555094793,19,,
Car 414,,,,,19,switch,,"Charger 19 (fid=14) not available, trying Charger 0 (fid=308440)",1014.5294125909993,0,,
Car 411,,,,,18,switch,,"Charger 18 (fid=13) not available, trying Charger 0 (fid=308440)",1014.570680854048,0,,
Car 421,,,,45,,arrived,,arrived,1014.7042350575864,,,
Car 368,,,,,6,switch,,"Charger 6 (fid=1) not available, trying Charger 17 (fid=12)",1014.7166258918285,17,,
Car 303,113.0,8,13,,,done,,done charging,1014.9930518600071,,,408.04252533186553
Car 418,,8,13,,,start_charge,,starting to charge at Charger 13 (fid=8),1014.9930518600071,,3.515220793333924,
Car 415,,,,,10,switch,,"Charger 10 (fid=4) not available, trying Charger 5 (fid=5)",1015.0255452977073,5,,
Car 416,,,,,10,switch,,"Charger 10 (fid=4) not available, trying Charger 5 (fid=5)",1015.0502866878999,5,,
Car 401,,,,,3,switch,,"Charger 3 (fid=307905) not available, trying Charger 12 (fid=7)",1015.1430095001557,12,,
Car 422,,,,40,,arrived,,arrived,1015.2737727836831,,,
Car 350,,,,,9,switch,,"Charger 9 (fid=3) not available, trying Charger 15 (fid=10)",1015.4030221750519,15,,
Car 405,,,,,1,switch,,"Charger 1 (fid=308702) not available, trying Charger 13 (fid=8)",1015.4495684649793,13,,
Car 402,,,,,2,switch,,"Charger 2 (fid=307904) not available, trying Charger 3 (fid=307905)",1015.7141028162077,3,,
Car 417,,,,,6,switch,,"Charger 6 (fid=1) not available, trying Charger 2 (fid=307904)",1015.85044913258,2,,
Car 399,,,,,14,switch,,"Charger 14 (fid=9) not available, trying Charger 1 (fid=308702)",1015.8523128930925,1,,
Car 396,,,,,3,switch,,"Charger 3 (fid=307905) not available, trying Charger 18 (fid=13)",1015.9304995410658,18,,
Car 391,,,,,6,switch,,"Charger 6 (fid=1) not available, trying Charger 17 (fid=12)",1015.982893688186,17,,
Car 423,,,,47,,arrived,,arrived,1016.2274049359667,,,
Car 377,,,,,19,switch,,"Charger 19 (fid=14) not available, trying Charger 4 (fid=308108)",1016.4265528843841,4,,
Car 328,,,,,4,switch,,"Charger 4 (fid=308108) not available, trying Charger 20 (fid=15)",1016.7656268284126,20,,
Car 407,,,,,0,switch,,"Charger 0 (fid=308440) not available, trying Charger 19 (fid=14)",1016.9136460960412,19,,
Car 408,,,,,16,switch,,"Charger 16 (fid=11) not available, trying Charger 11 (fid=6)",1017.4871204918987,11,,
Car 410,,,,,14,switch,,"Charger 14 (fid=9) not available, trying Charger 10 (fid=4)",1017.6309105109275,10,,
Car 363,,,,,2,switch,,"Charger 2 (fid=307904) not available, trying Charger 3 (fid=307905)",1017.8352027588387,3,,
Car 388,,,,,18,switch,,"Charger 18 (fid=13) not available, trying Charger 1 (fid=308702)",1017.9245238992143,1,,
Car 372,58.0,11,16,,,done,,done charging,1018.1526220783264,,,451.971634276361
Car 419,,11,16,,,start_charge,,starting to charge at Charger 16 (fid=11),1018.1526220783264,,4.413903981049884,
Car 409,,,,,14,switch,,"Charger 14 (fid=9) not available, trying Charger 16 (fid=11)",1018.3527493150501,16,,
Car 403,,,,,15,switch,,"Charger 15 (fid=10) not available, trying Charger 14 (fid=9)",1018.414271423515,14,,
Car 361,,,,,13,switch,,"Charger 13 (fid=8) not available, trying Charger 15 (fid=10)",1018.7879500578624,15,,
Car 420,,,,,10,switch,,"Charger 10 (fid=4) not available, trying Charger 5 (fid=5)",1018.8297406196942,5,,
Car 378,45.0,307905,3,,,done,,done charging,1019.2388175059772,,,282.81267095076134
Car 402,,307905,3,,,start_charge,,starting to charge at Charger 3 (fid=307905),1019.2388175059772,,23.261088508205376,
Car 371,100.0,13,18,,,done,,done charging,1019.3809656432474,,,234.99002566182844
Car 395,,13,18,,,start_charge,,starting to charge at Charger 18 (fid=13),1019.3809656432474,,31.88500385316877,
Car 412,,,,,6,switch,,"Charger 6 (fid=1) not available, trying Charger 17 (fid=12)",1019.5823910321384,17,,
Car 421,,,,,16,switch,,"Charger 16 (fid=11) not available, trying Charger 11 (fid=6)",1019.7042350575864,11,,
Car 424,,,,19,,arrived,,arrived,1019.7863512031872,,,
Car 398,,,,,1,switch,,"Charger 1 (fid=308702) not available, trying Charger 16 (fid=11)",1019.9678049258089,16,,
Car 425,,,,8,,arrived,,arrived,1020.054086776745,,,
Car 384,,,,,14,switch,,"Charger 14 (fid=9) not available, trying Charger 1 (fid=308702)",1020.0764394859509,1,,
Car 422,,,,,9,switch,,"Charger 9 (fid=3) not available, trying Charger 14 (fid=9)",1020.2737727836831,14,,
Car 415,,,,,5,switch,,"Charger 5 (fid=5) not available, trying Charger 14 (fid=9)",1020.9139453460953,14,,
Car 416,,,,,5,switch,,"Charger 5 (fid=5) not available, trying Charger 13 (fid=8)",1020.9386867362879,13,,
Car 413,,,,,19,switch,,"Charger 19 (fid=14) not available, trying Charger 18 (fid=13)",1020.9982499713444,18,,
Car 426,,,,10,,arrived,,arrived,1021.0767229550822,,,
Car 427,,,,45,,arrived,,arrived,1021.095944296097,,,
Car 414,,,,,0,switch,,"Charger 0 (fid=308440) not available, trying Charger 16 (fid=11)",1021.1238070528644,16,,
Car 423,,,,,1,switch,,"Charger 1 (fid=308702) not available, trying Charger 18 (fid=13)",1021.2274049359667,18,,
Car 368,,,,,17,switch,,"Charger 17 (fid=12) not available, trying Charger 12 (fid=7)",1021.4872122426184,12,,
Car 406,,,,,14,switch,,"Charger 14 (fid=9) not available, trying Charger 16 (fid=11)",1021.7553792581409,16,,
Car 411,,,,,0,switch,,"Charger 0 (fid=308440) not available, trying Charger 5 (fid=5)",1021.7978740733499,5,,
Car 417,,,,,2,switch,,"Charger 2 (fid=307904) not available, trying Charger 3 (fid=307905)",1022.0403026939006,3,,
Car 428,,,,74,,arrived,,arrived,1022.0425111828141,,,
Car 429,,,,36,,arrived,,arrived,1022.0578059601069,,,
Car 340,63.0,1,6,,,done,,done charging,1022.6914339007382,,,409.9444969024779
Car 401,,,,,12,switch,,"Charger 12 (fid=7) not available, trying Charger 17 (fid=12)",1022.7385387436665,17,,
Car 391,,,,,17,switch,,"Charger 17 (fid=12) not available, trying Charger 1 (fid=308702)",1022.7534800389759,1,,
Car 363,,,,,3,switch,,"Charger 3 (fid=307905) not available, trying Charger 12 (fid=7)",1023.0988289404028,12,,
Car 407,,,,,19,switch,,"Charger 19 (fid=14) not available, trying Charger 10 (fid=4)",1023.5080405579064,10,,
Car 430,,,,5,,arrived,,arrived,1024.280665369209,,,
Car 408,,,,,11,switch,,"Charger 11 (fid=6) not available, trying Charger 2 (fid=307904)",1024.651516625352,2,,
Car 386,,,,,10,switch,,"Charger 10 (fid=4) not available, trying Charger 5 (fid=5)",1024.6747356873054,5,,
Car 420,,,,,5,switch,,"Charger 5 (fid=5) not available, trying Charger 14 (fid=9)",1024.7181406680822,14,,
Car 424,,,,,0,switch,,"Charger 0 (fid=308440) not available, trying Charger 19 (fid=14)",1024.7863512031872,19,,
Car 431,,,,5,,arrived,,arrived,1024.8906349437545,,,
Car 403,,,,,14,switch,,"Charger 14 (fid=9) not available, trying Charger 1 (fid=308702)",1024.9491827797315,1,,
Car 350,,,,,15,switch,,"Charger 15 (fid=10) not available, trying Charger 13 (fid=8)",1025.0030460973112,13,,
Car 389,,,,,14,switch,,"Charger 14 (fid=9) not available, trying Charger 6 (fid=1)",1025.0107009787566,6,,
Car 425,,,,,13,switch,,"Charger 13 (fid=8) not available, trying Charger 15 (fid=10)",1025.054086776745,15,,
Car 388,,,,,1,switch,,"Charger 1 (fid=308702) not available, trying Charger 14 (fid=9)",1025.1077148370746,14,,
Car 361,,,,,15,switch,,"Charger 15 (fid=10) not available, trying Charger 12 (fid=7)",1025.1669351124538,12,,
Car 405,,,,,13,switch,,"Charger 13 (fid=8) not available, trying Charger 16 (fid=11)",1025.2987223889672,16,,
Car 399,,,,,1,switch,,"Charger 1 (fid=308702) not available, trying Charger 10 (fid=4)",1025.7735646283786,10,,
Car 409,,,,,16,switch,,"Charger 16 (fid=11) not available, trying Charger 13 (fid=8)",1025.8826718828827,13,,
Car 410,,,,,10,switch,,"Charger 10 (fid=4) not available, trying Charger 5 (fid=5)",1025.9034917515887,5,,
Car 328,,,,,,gave_up,20,"no alternate charger available, gave up",1026.0059194205464,,,
Car 426,,,,,15,switch,,"Charger 15 (fid=10) not available, trying Charger 13 (fid=8)",1026.0767229550822,13,,
Car 427,,,,,16,switch,,"Charger 16 (fid=11) not available, trying Charger 11 (fid=6)",1026.095944296097,11,,
Car 412,,,,,17,switch,,"Charger 17 (fid=12) not available, trying Charger 0 (fid=308440)",1026.3529773829282,0,,
Car 421,,,,,11,switch,,"Charger 11 (fid=6) not available, trying Charger 14 (fid=9)",1026.8686311910396,14,,
Car 396,,,,,18,switch,,"Charger 18 (fid=13) not available, trying Charger 6 (fid=1)",1026.9977986022436,6,,
Car 432,,,,77,,arrived,,arrived,1027.0068524066603,,,
Car 432,,1,6,,,start_charge,,starting to charge at Charger 6 (fid=1),1027.0068524066603,,0.0,
Car 428,,,,,2,switch,,"Charger 2 (fid=307904) not available, trying Charger 3 (fid=307905)",1027.042511182814,3,,
Car 429,,,,,19,switch,,"Charger 19 (fid=14) not available, trying Charger 0 (fid=308440)",1027.0578059601069,0,,
Car 417,,,,,3,switch,,"Charger 3 (fid=307905) not available, trying Charger 17 (fid=12)",1027.3039288754646,17,,
Car 377,,,,,4,switch,,"Charger 4 (fid=308108) not available, trying Charger 2 (fid=307904)",1027.8907322662367,2,,
Car 305,89.0,3,9,,,done,,done charging,1028.0766297921211,,,439.9363796950322
Car 423,,,,,18,switch,,"Charger 18 (fid=13) not available, trying Charger 5 (fid=5)",1028.4105958738269,5,,
Car 433,,,,4,,arrived,,arrived,1028.6917927323918,,,
Car 416,,,,,13,switch,,"Charger 13 (fid=8) not available, trying Charger 15 (fid=10)",1028.8740546759077,15,,
Car 398,,,,,16,switch,,"Charger 16 (fid=11) not available, trying Charger 19 (fid=14)",1028.9802723176526,19,,
Car 414,,,,,16,switch,,"Charger 16 (fid=11) not available, trying Charger 18 (fid=13)",1029.099657357509,18,,
Car 413,,,,,18,switch,,"Charger 18 (fid=13) not available, trying Charger 16 (fid=11)",1029.216562088528,16,,
Car 430,,,,,5,switch,,"Charger 5 (fid=5) not available, trying Charger 10 (fid=4)",1029.280665369209,10,,
Car 406,,,,,16,switch,,"Charger 16 (fid=11) not available, trying Charger 15 (fid=10)",1029.2853018259736,15,,
Car 422,,,,,14,switch,,"Charger 14 (fid=9) not available, trying Charger 16 (fid=11)",1029.3615260848985,16,,
Car 415,,,,,14,switch,,"Charger 14 (fid=9) not available, trying Charger 16 (fid=11)",1029.5673842544002,16,,
Car 368,,,,,12,switch,,"Charger 12 (fid=7) not available, trying Charger 9 (fid=3)",1029.6471374439777,9,,
Car 431,,,,,5,switch,,"Charger 5 (fid=5) not available, trying Charger 10 (fid=4)",1029.8906349437545,10,,
Car 384,,,,,1,switch,,"Charger 1 (fid=308702) not available, trying Charger 12 (fid=7)",1029.9976912212371,12,,
Car 434,,,,84,,arrived,,arrived,1030.4921531146954,,,
Car 386,,,,,5,switch,,"Charger 5 (fid=5) not available, trying Charger 13 (fid=8)",1030.5631357356935,13,,
Car 363,,,,,12,switch,,"Charger 12 (fid=7) not available, trying Charger 4 (fid=308108)",1030.6943581839134,4,,
Car 357,100.0,308440,0,,,done,,done charging,1030.7468422087732,,,294.31974950764237
Car 429,,308440,0,,,start_charge,,starting to charge at Charger 0 (fid=308440),1030.7468422087732,,7.094641786801276,
Car 382,64.0,308702,1,,,done,,done charging,1030.7734642897803,,,286.5866479561649
Car 403,,308702,1,,,start_charge,,starting to charge at Charger 1 (fid=308702),1030.7734642897803,,25.903029774762672,
Car 401,,,,,17,switch,,"Charger 17 (fid=12) not available, trying Charger 19 (fid=14)",1030.898463945026,19,,
Car 424,,,,,19,switch,,"Charger 19 (fid=14) not available, trying Charger 18 (fid=13)",1031.3807456650522,18,,
Car 350,,,,,13,switch,,"Charger 13 (fid=8) not available, trying Charger 10 (fid=4)",1031.3820311519023,10,,
Car 425,,,,,15,switch,,"Charger 15 (fid=10) not available, trying Charger 14 (fid=9)",1031.433071831336,14,,
Car 410,,,,,5,switch,,"Charger 5 (fid=5) not available, trying Charger 16 (fid=11)",1031.7918917999768,16,,
Car 435,,,,45,,arrived,,arrived,1032.0509186428608,,,
Car 428,,,,,3,switch,,"Charger 3 (fid=307905) not available, trying Charger 6 (fid=1)",1032.3061373643782,6,,
Car 411,,,,,5,switch,,"Charger 5 (fid=5) not available, trying Charger 10 (fid=4)",1032.355057383817,10,,
Car 426,,,,,13,switch,,"Charger 13 (fid=8) not available, trying Charger 14 (fid=9)",1032.4557080096733,14,,
Car 408,,,,,2,switch,,"Charger 2 (fid=307904) not available, trying Charger 3 (fid=307905)",1032.9762008638115,3,,
Car 407,,,,,10,switch,,"Charger 10 (fid=4) not available, trying Charger 5 (fid=5)",1033.113308233663,5,,
Car 427,,,,,11,switch,,"Charger 11 (fid=6) not available, trying Charger 14 (fid=9)",1033.2603404295503,14,,
Car 420,,,,,14,switch,,"Charger 14 (fid=9) not available, trying Charger 16 (fid=11)",1033.3715795763871,16,,
Car 417,,,,,17,switch,,"Charger 17 (fid=12) not available, trying Charger 12 (fid=7)",1033.5396025221114,12,,
Car 433,,,,,10,switch,,"Charger 10 (fid=4) not available, trying Charger 5 (fid=5)",1033.6917927323918,5,,
Car 405,,,,,16,switch,,"Charger 16 (fid=11) not available, trying Charger 14 (fid=9)",1033.7078726744633,14,,
Car 399,,,,,10,switch,,"Charger 10 (fid=4) not available, trying Charger 2 (fid=307904)",1034.1226804187952,2,,
Car 409,,,,,13,switch,,"Charger 13 (fid=8) not available, trying Charger 1 (fid=308702)",1034.2918221683788,1,,
Car 436,,,,4,,arrived,,arrived,1034.992496984736,,,
Car 388,,,,,14,switch,,"Charger 14 (fid=9) not available, trying Charger 12 (fid=7)",1035.0289665723608,12,,
Car 430,,,,,10,switch,,"Charger 10 (fid=4) not available, trying Charger 13 (fid=8)",1035.169065417597,13,,
Car 391,,,,,1,switch,,"Charger 1 (fid=308702) not available, trying Charger 14 (fid=9)",1035.213306882204,14,,
Car 416,,,,,15,switch,,"Charger 15 (fid=10) not available, trying Charger 14 (fid=9)",1035.2530397304988,14,,
Car 368,,3,9,,,start_charge,,starting to charge at Charger 9 (fid=3),1035.4208949803838,,80.0,
Car 389,,,,,6,switch,,"Charger 6 (fid=1) not available, trying Charger 17 (fid=12)",1035.4900126400125,17,,
Car 434,,,,,8,switch,,"Charger 8 (fid=91) not available, trying Charger 7 (fid=2)",1035.4921531146954,7,,
Car 431,,,,,10,switch,,"Charger 10 (fid=4) not available, trying Charger 13 (fid=8)",1035.7790349921427,13,,
Car 313,93.0,15,20,,,done,,done charging,1035.9009322337618,,,402.30159102763844
Car 398,,,,,19,switch,,"Charger 19 (fid=14) not available, trying Charger 18 (fid=13)",1036.2102045545898,18,,
Car 421,,,,,14,switch,,"Charger 14 (fid=9) not available, trying Charger 9 (fid=3)",1036.2845641885901,9,,
Car 361,,,,,12,switch,,"Charger 12 (fid=7) not available, trying Charger 9 (fid=3)",1036.3274364678596,9,,
Car 377,,,,,2,switch,,"Charger 2 (fid=307904) not available, trying Charger 3 (fid=307905)",1036.396865280868,3,,
Car 437,,,,89,,arrived,,arrived,1036.5567050865375,,,
Car 412,,,,,0,switch,,"Charger 0 (fid=308440) not available, trying Charger 19 (fid=14)",1036.6615123469041,19,,
Car 422,,,,,16,switch,,"Charger 16 (fid=11) not available, trying Charger 6 (fid=1)",1036.8914486527312,6,,
Car 435,,,,,16,switch,,"Charger 16 (fid=11) not available, trying Charger 11 (fid=6)",1037.0509186428608,11,,
Car 415,,,,,16,switch,,"Charger 16 (fid=11) not available, trying Charger 13 (fid=8)",1037.097306822233,13,,
Car 310,108.0,2,7,,,done,,done charging,1037.1900235146322,,,759.8414669112246
Car 434,,2,7,,,start_charge,,starting to charge at Charger 7 (fid=2),1037.319144301724,,5.0,
Car 363,,,,,4,switch,,"Charger 4 (fid=308108) not available, trying Charger 17 (fid=12)",1037.356687519344,17,,
Car 406,,,,,15,switch,,"Charger 15 (fid=10) not available, trying Charger 11 (fid=6)",1037.593519515435,11,,
Car 380,99.0,7,12,,,done,,done charging,1037.8011786476707,,,237.38278240207208
Car 417,,7,12,,,start_charge,,starting to charge at Charger 12 (fid=7),1037.8011786476707,,21.10165092419993,
Car 438,,,,24,,arrived,,arrived,1037.8875785430846,,,
Car 439,,,,10,,arrived,,arrived,1037.9263202368538,,,
Car 425,,,,,14,switch,,"Charger 14 (fid=9) not available, trying Charger 10 (fid=4)",1037.9679831875526,10,,
Car 408,,,,,3,switch,,"Charger 3 (fid=307905) not available, trying Charger 18 (fid=13)",1038.2398270453757,18,,
Car 411,,,,,10,switch,,"Charger 10 (fid=4) not available, trying Charger 19 (fid=14)",1038.243457432205,19,,
Car 386,,,,,13,switch,,"Charger 13 (fid=8) not available, trying Charger 15 (fid=10)",1038.4985036753133,15,,
Car 428,,,,,6,switch,,"Charger 6 (fid=1) not available, trying Charger 17 (fid=12)",1038.5123277573196,17,,
Car 414,,,,,18,switch,,"Charger 18 (fid=13) not available, trying Charger 1 (fid=308702)",1038.6994253174717,1,,
Car 423,,,,,5,switch,,"Charger 5 (fid=5) not available, trying Charger 10 (fid=4)",1038.7838639467145,10,,
Car 413,,,,,16,switch,,"Charger 16 (fid=11) not available, trying Charger 1 (fid=308702)",1038.8163300484907,1,,
Car 350,,,,,10,switch,,"Charger 10 (fid=4) not available, trying Charger 5 (fid=5)",1038.8473359712748,5,,
Car 426,,,,,14,switch,,"Charger 14 (fid=9) not available, trying Charger 10 (fid=4)",1038.8756125329,10,,
Car 396,,,,,6,switch,,"Charger 6 (fid=1) not available, trying Charger 17 (fid=12)",1038.991325043178,17,,
Car 407,,,,,5,switch,,"Charger 5 (fid=5) not available, trying Charger 16 (fid=11)",1039.0017082820511,16,,
Car 433,,,,,5,switch,,"Charger 5 (fid=5) not available, trying Charger 13 (fid=8)",1039.58019278078,13,,
Car 424,,,,,18,switch,,"Charger 18 (fid=13) not available, trying Charger 16 (fid=11)",1039.5990577822358,16,,
Car 436,,,,,10,switch,,"Charger 10 (fid=4) not available, trying Charger 5 (fid=5)",1039.992496984736,5,,
Car 401,,,,,19,switch,,"Charger 19 (fid=14) not available, trying Charger 7 (fid=2)",1040.249284673935,7,,
Car 410,,,,,16,switch,,"Charger 16 (fid=11) not available, trying Charger 19 (fid=14)",1040.4499197054517,19,,
Car 420,,,,,16,switch,,"Charger 16 (fid=11) not available, trying Charger 13 (fid=8)",1040.9015021442199,13,,
Car 440,,,,4,,arrived,,arrived,1041.1835637368135,,,
Car 405,,,,,14,switch,,"Charger 14 (fid=9) not available, trying Charger 15 (fid=10)",1041.237795242296,15,,
Car 437,,,,,8,switch,,"Charger 8 (fid=91) not available, trying Charger 7 (fid=2)",1041.5567050865375,7,,
Car 441,,,,62,,arrived,,arrived,1041.5900781374628,,,
Car 377,,,,,3,switch,,"Charger 3 (fid=307905) not available, trying Charger 10 (fid=4)",1041.6604914624322,10,,
Car 416,,,,,14,switch,,"Charger 14 (fid=9) not available, trying Charger 1 (fid=308702)",1041.7879510867153,1,,
Car 389,,,,,17,switch,,"Charger 17 (fid=12) not available, trying Charger 10 (fid=4)",1042.2605989908025,10,,
Car 384,,,,,12,switch,,"Charger 12 (fid=7) not available, trying Charger 9 (fid=3)",1042.4688267487431,9,,
Car 326,62.0,2,7,,,done,,done charging,1042.4867893554278,,,440.3204605583872
Car 430,,,,,13,switch,,"Charger 13 (fid=8) not available, trying Charger 1 (fid=308702)",1042.6343702369695,1,,
Car 427,,,,,14,switch,,"Charger 14 (fid=9) not available, trying Charger 9 (fid=3)",1042.6762734271008,9,,
Car 438,,,,,1,switch,,"Charger 1 (fid=308702) not available, trying Charger 5 (fid=5)",1042.8875785430846,5,,
Car 439,,,,,15,switch,,"Charger 15 (fid=10) not available, trying Charger 13 (fid=8)",1042.9263202368538,13,,
Car 311,84.0,12,17,,,done,,done charging,1043.2170634217978,,,645.6464072344075
Car 428,,12,17,,,start_charge,,starting to charge at Charger 17 (fid=12),1043.2170634217978,,17.93414931368818,
Car 431,,,,,13,switch,,"Charger 13 (fid=8) not available, trying Charger 1 (fid=308702)",1043.2443398115151,1,,
Car 412,,,,,19,switch,,"Charger 19 (fid=14) not available, trying Charger 12 (fid=7)",1043.2559068087692,12,,
Car 442,,,,23,,arrived,,arrived,1043.3076076055422,,,
Car 437,,2,7,,,start_charge,,starting to charge at Charger 7 (fid=2),1043.383696273566,,5.0,
Car 362,55.0,12,17,,,done,,done charging,1043.7097002596402,,,454.4241995225055
Car 396,,12,17,,,start_charge,,starting to charge at Charger 17 (fid=12),1043.7097002596402,,42.94778886567224,
Car 409,,,,,1,switch,,"Charger 1 (fid=308702) not available, trying Charger 15 (fid=10)",1044.1409760923668,15,,
Car 435,,,,,11,switch,,"Charger 11 (fid=6) not available, trying Charger 14 (fid=9)",1044.215314776314,14,,
Car 443,,,,37,,arrived,,arrived,1044.426760353105,,,
Car 398,,,,,18,switch,,"Charger 18 (fid=13) not available, trying Charger 11 (fid=6)",1044.4285166717734,11,,
Car 423,,,,,10,switch,,"Charger 10 (fid=4) not available, trying Charger 0 (fid=308440)",1044.6722639951026,0,,
Car 350,,,,,,gave_up,5,"no alternate charger available, gave up",1044.735736019663,,,
Car 444,,,,45,,arrived,,arrived,1044.7378105642026,,,
Car 386,,,,,15,switch,,"Charger 15 (fid=10) not available, trying Charger 6 (fid=1)",1044.8774887299044,6,,
Car 391,,,,,14,switch,,"Charger 14 (fid=9) not available, trying Charger 10 (fid=4)",1045.1345586174903,10,,
Car 421,,,,,9,switch,,"Charger 9 (fid=3) not available, trying Charger 15 (fid=10)",1045.3723174898055,15,,
Car 415,,,,,13,switch,,"Charger 13 (fid=8) not available, trying Charger 1 (fid=308702)",1045.506457107729,1,,
Car 388,,,,,12,switch,,"Charger 12 (fid=7) not available, trying Charger 10 (fid=4)",1045.6436480536925,10,,
Car 422,,,,,6,switch,,"Charger 6 (fid=1) not available, trying Charger 20 (fid=15)",1045.649083633048,20,,
Car 436,,,,,5,switch,,"Charger 5 (fid=5) not available, trying Charger 13 (fid=8)",1045.880897033124,13,,
Car 414,,,,,1,switch,,"Charger 1 (fid=308702) not available, trying Charger 14 (fid=9)",1045.882616255332,14,,
Car 399,,,,,2,switch,,"Charger 2 (fid=307904) not available, trying Charger 3 (fid=307905)",1046.079989692093,3,,
Car 440,,,,,11,switch,,"Charger 11 (fid=6) not available, trying Charger 16 (fid=11)",1046.1835637368135,16,,
Car 425,,,,,10,switch,,"Charger 10 (fid=4) not available, trying Charger 5 (fid=5)",1046.2405644282137,5,,
Car 445,,,,87,,arrived,,arrived,1046.2441238709591,,,
Car 367,88.0,9,14,,,done,,done charging,1046.3958014501864,,,297.6180868926493
Car 363,,,,,17,switch,,"Charger 17 (fid=12) not available, trying Charger 20 (fid=15)",1046.4435533234448,20,,
Car 441,,,,,16,switch,,"Charger 16 (fid=11) not available, trying Charger 11 (fid=6)",1046.5900781374628,11,,
Car 346,64.0,3,9,,,done,,done charging,1046.6356606964696,,,581.2417404168258
Car 361,,3,9,,,start_charge,,starting to charge at Charger 9 (fid=3),1046.6356606964696,,84.53446669220409,
Car 426,,,,,10,switch,,"Charger 10 (fid=4) not available, trying Charger 16 (fid=11)",1047.1481937735612,16,,
Car 433,,,,,13,switch,,"Charger 13 (fid=8) not available, trying Charger 15 (fid=10)",1047.5155607203997,15,,
Car 406,,,,,11,switch,,"Charger 11 (fid=6) not available, trying Charger 13 (fid=8)",1047.5776284874776,13,,
Car 407,,,,,16,switch,,"Charger 16 (fid=11) not available, trying Charger 13 (fid=8)",1047.659736187526,13,,
Car 410,,,,,19,switch,,"Charger 19 (fid=14) not available, trying Charger 1 (fid=308702)",1047.679851942389,1,,
Car 405,,,,,15,switch,,"Charger 15 (fid=10) not available, trying Charger 19 (fid=14)",1047.7727065985125,19,,
Car 413,,,,,1,switch,,"Charger 1 (fid=308702) not available, trying Charger 11 (fid=6)",1047.8287974403347,11,,
Car 411,,,,,19,switch,,"Charger 19 (fid=14) not available, trying Charger 16 (fid=11)",1047.8487251079616,16,,
Car 374,88.0,6,11,,,done,,done charging,1048.0435987442884,,,415.42925481568017
Car 442,,,,,0,switch,,"Charger 0 (fid=308440) not available, trying Charger 19 (fid=14)",1048.3076076055422,19,,
Car 435,,9,14,,,start_charge,,starting to charge at Charger 14 (fid=9),1048.6312477738645,,10.0,
Car 446,,,,52,,arrived,,arrived,1048.6848953504923,,,
Car 441,,6,11,,,start_charge,,starting to charge at Charger 11 (fid=6),1048.754474270916,,5.0,
Car 369,115.0,307904,2,,,done,,done charging,1048.9735911191565,,,276.946197063668
Car 424,,,,,16,switch,,"Charger 16 (fid=11) not available, trying Charger 1 (fid=308702)",1049.1988257421986,1,,
Car 439,,,,,13,switch,,"Charger 13 (fid=8) not available, trying Charger 14 (fid=9)",1049.305305291445,14,,
Car 408,,,,,18,switch,,"Charger 18 (fid=13) not available, trying Charger 1 (fid=308702)",1049.3071261065536,1,,
Car 420,,,,,13,switch,,"Charger 13 (fid=8) not available, trying Charger 1 (fid=308702)",1049.310652429716,1,,
Car 397,74.0,1,6,,,done,,done charging,1049.3401432539408,,,226.10647638976275
Car 446,,1,6,,,start_charge,,starting to charge at Charger 6 (fid=1),1049.3401432539408,,0.6552479034485259,
Car 443,,,,,10,switch,,"Charger 10 (fid=4) not available, trying Charger 5 (fid=5)",1049.426760353105,5,,
Car 444,,,,,16,switch,,"Charger 16 (fid=11) not available, trying Charger 11 (fid=6)",1049.7378105642026,11,,
Car 447,,,,86,,arrived,,arrived,1049.885133289901,,,
Car 422,,15,20,,,start_charge,,starting to charge at Charger 20 (fid=15),1050.2821274260073,,20.0,
Car 448,,,,75,,arrived,,arrived,1050.5580460305016,,,
Car 445,,,,,8,switch,,"Charger 8 (fid=91) not available, trying Charger 7 (fid=2)",1051.2441238709591,7,,
Car 399,,,,,3,switch,,"Charger 3 (fid=307905) not available, trying Charger 18 (fid=13)",1051.3436158736572,18,,
Car 438,,,,,5,switch,,"Charger 5 (fid=5) not available, trying Charger 10 (fid=4)",1051.4426919005045,10,,
Car 401,,,,,7,switch,,"Charger 7 (fid=2) not available, trying Charger 4 (fid=308108)",1051.5141964233326,4,,
Car 449,,,,4,,arrived,,arrived,1051.6255310816227,,,
Car 416,,,,,1,switch,,"Charger 1 (fid=308702) not available, trying Charger 16 (fid=11)",1051.7092028220015,16,,
Car 427,,,,,9,switch,,"Charger 9 (fid=3) not available, trying Charger 15 (fid=10)",1051.7640267283161,15,,
Car 425,,,,,5,switch,,"Charger 5 (fid=5) not available, trying Charger 16 (fid=11)",1052.1289644766018,16,,
Car 430,,,,,1,switch,,"Charger 1 (fid=308702) not available, trying Charger 14 (fid=9)",1052.4835241609576,14,,
Car 450,,,,18,,arrived,,arrived,1052.738628310185,,,
Car 431,,,,,1,switch,,"Charger 1 (fid=308702) not available, trying Charger 14 (fid=9)",1053.0934937355032,14,,
Car 339,70.0,9,14,,,done,,done charging,1053.2410089761454,,,630.2551474880086
Car 439,,9,14,,,start_charge,,starting to charge at Charger 14 (fid=9),1053.2410089761454,,12.515799161473751,
Car 384,,,,,9,switch,,"Charger 9 (fid=3) not available, trying Charger 8 (fid=91)",1053.2425842851492,8,,
Car 440,,,,,16,switch,,"Charger 16 (fid=11) not available, trying Charger 6 (fid=1)",1053.3479598702668,6,,
Car 391,,,,,10,switch,,"Charger 10 (fid=4) not available, trying Charger 12 (fid=7)",1053.4071398581514,12,,
Car 377,,,,,10,switch,,"Charger 10 (fid=4) not available, trying Charger 5 (fid=5)",1053.6341375673508,5,,
Car 412,,,,,12,switch,,"Charger 12 (fid=7) not available, trying Charger 11 (fid=6)",1053.7931455878804,11,,
Car 436,,,,,13,switch,,"Charger 13 (fid=8) not available, trying Charger 15 (fid=10)",1053.8162649727437,15,,
Car 433,,,,,15,switch,,"Charger 15 (fid=10) not available, trying Charger 14 (fid=9)",1053.8945457749908,14,,
Car 409,,,,,15,switch,,"Charger 15 (fid=10) not available, trying Charger 19 (fid=14)",1054.756486969008,19,,
Car 381,120.0,4,10,,,done,,done charging,1054.8057554984784,,,131.70605267379972
Car 389,,4,10,,,start_charge,,starting to charge at Charger 10 (fid=4),1054.8057554984784,,59.615799769295336,
Car 447,,,,,8,switch,,"Charger 8 (fid=91) not available, trying Charger 7 (fid=2)",1054.885133289901,7,,
Car 442,,,,,19,switch,,"Charger 19 (fid=14) not available, trying Charger 18 (fid=13)",1054.9020020674072,18,,
Car 364,82.0,10,15,,,done,,done charging,1054.9642150573227,,,312.77899243529237
Car 421,,10,15,,,start_charge,,starting to charge at Charger 15 (fid=10),1054.9642150573227,,24.99187364525801,
Car 423,,,,,0,switch,,"Charger 0 (fid=308440) not available, trying Charger 16 (fid=11)",1055.0234497385663,16,,
Car 411,,,,,16,switch,,"Charger 16 (fid=11) not available, trying Charger 13 (fid=8)",1055.0786573448988,13,,
Car 398,,,,,11,switch,,"Charger 11 (fid=6) not available, trying Charger 0 (fid=308440)",1055.2329290810412,0,,
Car 443,,,,,5,switch,,"Charger 5 (fid=5) not available, trying Charger 14 (fid=9)",1055.3151604014931,14,,
Car 415,,,,,1,switch,,"Charger 1 (fid=308702) not available, trying Charger 15 (fid=10)",1055.355611031717,15,,
Car 448,,,,,20,switch,,"Charger 20 (fid=15) not available, trying Charger 9 (fid=3)",1055.5580460305016,9,,
Car 426,,,,,16,switch,,"Charger 16 (fid=11) not available, trying Charger 5 (fid=5)",1055.6002241120327,5,,
Car 414,,,,,14,switch,,"Charger 14 (fid=9) not available, trying Charger 11 (fid=6)",1055.8038679906183,11,,
Car 451,,,,37,,arrived,,arrived,1055.8723652561036,,,
Car 386,,,,,6,switch,,"Charger 6 (fid=1) not available, trying Charger 17 (fid=12)",1055.9026202652344,17,,
Car 407,,,,,13,switch,,"Charger 13 (fid=8) not available, trying Charger 14 (fid=9)",1056.068886473022,14,,
Car 452,,,,56,,arrived,,arrived,1056.2808833967217,,,
Car 453,,,,22,,arrived,,arrived,1056.2883672427954,,,
Car 408,,,,,1,switch,,"Charger 1 (fid=308702) not available, trying Charger 14 (fid=9)",1056.490317044414,14,,
Car 449,,,,,10,switch,,"Charger 10 (fid=4) not available, trying Charger 5 (fid=5)",1056.6255310816227,5,,
Car 410,,,,,1,switch,,"Charger 1 (fid=308702) not available, trying Charger 9 (fid=3)",1056.781423467669,9,,
Car 444,,,,,11,switch,,"Charger 11 (fid=6) not available, trying Charger 14 (fid=9)",1056.9022066976559,14,,
Car 363,,,,,20,switch,,"Charger 20 (fid=15) not available, trying Charger 7 (fid=2)",1057.3120834295455,7,,
Car 438,,,,,10,switch,,"Charger 10 (fid=4) not available, trying Charger 18 (fid=13)",1057.3310919488927,18,,
Car 454,,,,77,,arrived,,arrived,1057.3353096639196,,,
Car 455,,,,33,,arrived,,arrived,1057.4017239842806,,,
Car 405,,,,,19,switch,,"Charger 19 (fid=14) not available, trying Charger 18 (fid=13)",1057.7314316445577,18,,
Car 450,,,,,19,switch,,"Charger 19 (fid=14) not available, trying Charger 0 (fid=308440)",1057.738628310185,0,,
Car 406,,,,,13,switch,,"Charger 13 (fid=8) not available, trying Charger 12 (fid=7)",1057.8749993816803,12,,
Car 413,,,,,11,switch,,"Charger 11 (fid=6) not available, trying Charger 2 (fid=307904)",1058.0459092814835,2,,
Car 388,,,,,10,switch,,"Charger 10 (fid=4) not available, trying Charger 9 (fid=3)",1058.0668819803136,9,,
Car 445,,,,,7,switch,,"Charger 7 (fid=2) not available, trying Charger 4 (fid=308108)",1058.0711150579878,4,,
Car 401,,,,,4,switch,,"Charger 4 (fid=308108) not available, trying Charger 14 (fid=9)",1058.116980823292,14,,
Car 424,,,,,1,switch,,"Charger 1 (fid=308702) not available, trying Charger 11 (fid=6)",1058.2112931340425,11,,
Car 420,,,,,1,switch,,"Charger 1 (fid=308702) not available, trying Charger 15 (fid=10)",1059.159806353704,15,,
Car 456,,,,73,,arrived,,arrived,1059.5002730081571,,,
Car 377,,,,,5,switch,,"Charger 5 (fid=5) not available, trying Charger 0 (fid=308440)",1059.5225376157389,0,,
Car 400,57.0,14,19,,,done,,done charging,1060.1867303079848,,,341.01441224558204
Car 452,,14,19,,,start_charge,,starting to charge at Charger 19 (fid=14),1060.1867303079848,,3.9058469112630974,
Car 436,,,,,15,switch,,"Charger 15 (fid=10) not available, trying Charger 14 (fid=9)",1060.1952500273349,14,,
Car 433,,,,,14,switch,,"Charger 14 (fid=9) not available, trying Charger 1 (fid=308702)",1060.4294571312073,1,,
Car 416,,,,,16,switch,,"Charger 16 (fid=11) not available, trying Charger 19 (fid=14)",1060.7216702138455,19,,
Car 425,,,,,16,switch,,"Charger 16 (fid=11) not available, trying Charger 19 (fid=14)",1060.7869923820767,19,,
Car 451,,,,,10,switch,,"Charger 10 (fid=4) not available, trying Charger 5 (fid=5)",1060.8723652561036,5,,
Car 453,,,,,18,switch,,"Charger 18 (fid=13) not available, trying Charger 1 (fid=308702)",1061.2883672427954,1,,
Car 427,,,,,15,switch,,"Charger 15 (fid=10) not available, trying Charger 19 (fid=14)",1061.3640506505753,19,,
Car 413,,307904,2,,,start_charge,,starting to charge at Charger 2 (fid=307904),1061.370593519943,,30.0,
Car 373,111.0,308702,1,,,done,,done charging,1061.4121475123934,,,270.1505183671852
Car 455,,308702,1,,,start_charge,,starting to charge at Charger 1 (fid=308702),1061.4121475123934,,4.010423528112824,
Car 457,,,,62,,arrived,,arrived,1061.4439488721828,,,
Car 447,,,,,7,switch,,"Charger 7 (fid=2) not available, trying Charger 4 (fid=308108)",1061.7121244769296,4,,
Car 458,,,,73,,arrived,,arrived,1061.8026246019692,,,
Car 459,,,,27,,arrived,,arrived,1061.923798190761,,,
Car 440,,,,,6,switch,,"Charger 6 (fid=1) not available, trying Charger 2 (fid=307904)",1062.1055948505834,2,,
Car 460,,,,4,,arrived,,arrived,1062.2738482222157,,,
Car 454,,,,,6,switch,,"Charger 6 (fid=1) not available, trying Charger 12 (fid=7)",1062.3353096639196,12,,
Car 430,,,,,14,switch,,"Charger 14 (fid=9) not available, trying Charger 16 (fid=11)",1062.4047758962438,16,,
Car 399,,,,,18,switch,,"Charger 18 (fid=13) not available, trying Charger 5 (fid=5)",1062.410914934835,5,,
Car 407,,,,,14,switch,,"Charger 14 (fid=9) not available, trying Charger 11 (fid=6)",1062.4887909962488,11,,
Car 449,,,,,5,switch,,"Charger 5 (fid=5) not available, trying Charger 13 (fid=8)",1062.5139311300109,13,,
Car 386,,,,,17,switch,,"Charger 17 (fid=12) not available, trying Charger 12 (fid=7)",1062.6732066160243,12,,
Car 412,,,,,11,switch,,"Charger 11 (fid=6) not available, trying Charger 8 (fid=91)",1062.7313421237382,8,,
Car 461,,,,16,,arrived,,arrived,1062.8105865611833,,,
Car 423,,,,,16,switch,,"Charger 16 (fid=11) not available, trying Charger 19 (fid=14)",1062.9993000432107,19,,
Car 431,,,,,14,switch,,"Charger 14 (fid=9) not available, trying Charger 16 (fid=11)",1063.0147454707894,16,,
Car 442,,,,,18,switch,,"Charger 18 (fid=13) not available, trying Charger 11 (fid=6)",1063.1203141845908,11,,
Car 411,,,,,13,switch,,"Charger 13 (fid=8) not available, trying Charger 14 (fid=9)",1063.4878076303949,14,,
Car 375,62.0,7,12,,,done,,done charging,1063.6407376929485,,,336.86303303000426
Car 391,,7,12,,,start_charge,,starting to charge at Charger 12 (fid=7),1063.6407376929485,,62.81036390817599,
Car 443,,,,,14,switch,,"Charger 14 (fid=9) not available, trying Charger 16 (fid=11)",1063.968599309798,16,,
Car 462,,,,48,,arrived,,arrived,1063.9816850305078,,,
Car 448,,,,,9,switch,,"Charger 9 (fid=3) not available, trying Charger 12 (fid=7)",1063.989571282488,12,,
Car 402,45.0,307905,3,,,done,,done charging,1064.2388175059773,,,201.90547756079454
Car 426,,,,,5,switch,,"Charger 5 (fid=5) not available, trying Charger 9 (fid=3)",1064.2582520175076,9,,
Car 450,,,,,0,switch,,"Charger 0 (fid=308440) not available, trying Charger 16 (fid=11)",1064.33302277205,16,,
Car 398,,,,,0,switch,,"Charger 0 (fid=308440) not available, trying Charger 9 (fid=3)",1064.401460069894,9,,
Car 456,,,,,14,switch,,"Charger 14 (fid=9) not available, trying Charger 16 (fid=11)",1064.5002730081571,16,,
Car 445,,,,,4,switch,,"Charger 4 (fid=308108) not available, trying Charger 12 (fid=7)",1064.673899457947,12,,
Car 409,,,,,19,switch,,"Charger 19 (fid=14) not available, trying Charger 11 (fid=6)",1064.715212015053,11,,
Car 463,,,,34,,arrived,,arrived,1064.9035117082135,,,
Car 414,,,,,11,switch,,"Charger 11 (fid=6) not available, trying Charger 10 (fid=4)",1065.2198009881688,10,,
Car 464,,,,1,,arrived,,arrived,1065.2424598532743,,,
Car 465,,,,77,,arrived,,arrived,1065.3470035978587,,,
Car 384,,,,,8,switch,,"Charger 8 (fid=91) not available, trying Charger 10 (fid=4)",1065.3599976950477,10,,
Car 383,113.0,5,5,,,done,,done charging,1065.4620253050562,,,240.09463136289696
Car 451,,5,5,,,start_charge,,starting to charge at Charger 5 (fid=5),1065.4620253050562,,8.701260000564389,
Car 405,,,,,18,switch,,"Charger 18 (fid=13) not available, trying Charger 11 (fid=6)",1065.9497437617413,11,,
Car 415,,,,,15,switch,,"Charger 15 (fid=10) not available, trying Charger 19 (fid=14)",1065.971121908358,19,,
Car 444,,,,,14,switch,,"Charger 14 (fid=9) not available, trying Charger 9 (fid=3)",1066.3181396952064,9,,
Car 408,,,,,14,switch,,"Charger 14 (fid=9) not available, trying Charger 6 (fid=1)",1066.4115687797002,6,,
Car 457,,,,,16,switch,,"Charger 16 (fid=11) not available, trying Charger 11 (fid=6)",1066.4439488721828,11,,
Car 363,,,,,7,switch,,"Charger 7 (fid=2) not available, trying Charger 8 (fid=91)",1066.5243053458003,8,,
Car 436,,,,,14,switch,,"Charger 14 (fid=9) not available, trying Charger 1 (fid=308702)",1066.7301613835514,1,,
Car 458,,,,,14,switch,,"Charger 14 (fid=9) not available, trying Charger 16 (fid=11)",1066.8026246019692,16,,
Car 466,,,,36,,arrived,,arrived,1066.8952415593196,,,
Car 459,,,,,0,switch,,"Charger 0 (fid=308440) not available, trying Charger 19 (fid=14)",1066.923798190761,19,,
Car 460,,,,,10,switch,,"Charger 10 (fid=4) not available, trying Charger 5 (fid=5)",1067.2738482222157,5,,
Car 467,,,,86,,arrived,,arrived,1067.330111506991,,,
Car 438,,,,,18,switch,,"Charger 18 (fid=13) not available, trying Charger 0 (fid=308440)",1067.498362454777,0,,
Car 461,,,,,16,switch,,"Charger 16 (fid=11) not available, trying Charger 19 (fid=14)",1067.8105865611833,19,,
Car 416,,,,,19,switch,,"Charger 19 (fid=14) not available, trying Charger 18 (fid=13)",1067.9516024507827,18,,
Car 425,,,,,19,switch,,"Charger 19 (fid=14) not available, trying Charger 1 (fid=308702)",1068.016924619014,1,,
Car 440,,,,,2,switch,,"Charger 2 (fid=307904) not available, trying Charger 3 (fid=307905)",1068.295448411904,3,,
Car 447,,,,,4,switch,,"Charger 4 (fid=308108) not available, trying Charger 12 (fid=7)",1068.314908876889,12,,
Car 424,,,,,11,switch,,"Charger 11 (fid=6) not available, trying Charger 2 (fid=307904)",1068.4284049751914,2,,
Car 453,,,,,1,switch,,"Charger 1 (fid=308702) not available, trying Charger 0 (fid=308440)",1068.4715581806558,0,,
Car 440,,307905,3,,,start_charge,,starting to charge at Charger 3 (fid=307905),1068.5590745934683,,20.0,
Car 401,,,,,14,switch,,"Charger 14 (fid=9) not available, trying Charger 0 (fid=308440)",1068.9102566798476,0,,
Car 468,,,,23,,arrived,,arrived,1068.9550222378502,,,
Car 462,,,,,1,switch,,"Charger 1 (fid=308702) not available, trying Charger 5 (fid=5)",1068.9816850305078,5,,
Car 331,89.0,308108,4,,,done,,done charging,1068.997548209852,,,823.4180061394533
Car 454,,,,,12,switch,,"Charger 12 (fid=7) not available, trying Charger 4 (fid=308108)",1069.2597485521376,4,,
Car 406,,,,,12,switch,,"Charger 12 (fid=7) not available, trying Charger 6 (fid=1)",1069.3711187596641,6,,
Car 469,,,,67,,arrived,,arrived,1069.601100604931,,,
Car 410,,,,,9,switch,,"Charger 9 (fid=3) not available, trying Charger 11 (fid=6)",1069.641493222558,11,,
Car 388,,,,,9,switch,,"Charger 9 (fid=3) not available, trying Charger 8 (fid=91)",1069.6563780842223,8,,
Car 376,60.0,308108,4,,,done,,done charging,1069.7318179556378,,,351.73994448617884
Car 420,,,,,15,switch,,"Charger 15 (fid=10) not available, trying Charger 19 (fid=14)",1069.775317230345,19,,
Car 463,,,,,19,switch,,"Charger 19 (fid=14) not available, trying Charger 0 (fid=308440)",1069.9035117082135,0,,
Car 411,,,,,14,switch,,"Charger 14 (fid=9) not available, trying Charger 11 (fid=6)",1069.9077121536216,11,,
Car 430,,,,,16,switch,,"Charger 16 (fid=11) not available, trying Charger 15 (fid=10)",1069.9346984640765,15,,
Car 377,,,,,0,switch,,"Charger 0 (fid=308440) not available, trying Charger 17 (fid=12)",1070.079720926206,17,,
Car 423,,,,,19,switch,,"Charger 19 (fid=14) not available, trying Charger 13 (fid=8)",1070.229232280148,13,,
Car 464,,,,,6,switch,,"Charger 6 (fid=1) not available, trying Charger 2 (fid=307904)",1070.2424598532743,2,,
Car 465,,,,,6,switch,,"Charger 6 (fid=1) not available, trying Charger 12 (fid=7)",1070.3470035978587,12,,
Car 433,,,,,1,switch,,"Charger 1 (fid=308702) not available, trying Charger 16 (fid=11)",1070.3507088664935,16,,
Car 449,,,,,13,switch,,"Charger 13 (fid=8) not available, trying Charger 15 (fid=10)",1070.4492990696306,15,,
Car 431,,,,,16,switch,,"Charger 16 (fid=11) not available, trying Charger 15 (fid=10)",1070.5446680386221,15,,
Car 470,,,,46,,arrived,,arrived,1070.631409686563,,,
Car 386,,,,,12,switch,,"Charger 12 (fid=7) not available, trying Charger 9 (fid=3)",1070.8331318173837,9,,
Car 454,,308108,4,,,start_charge,,starting to charge at Charger 4 (fid=308108),1070.922077887568,,10.0,
Car 427,,,,,19,switch,,"Charger 19 (fid=14) not available, trying Charger 13 (fid=8)",1071.3227756966205,13,,
Car 445,,,,,12,switch,,"Charger 12 (fid=7) not available, trying Charger 2 (fid=307904)",1071.3362287933776,2,,
Car 443,,,,,16,switch,,"Charger 16 (fid=11) not available, trying Charger 13 (fid=8)",1071.4985218776308,13,,
Car 471,,,,22,,arrived,,arrived,1071.7641424427607,,,
Car 466,,,,,19,switch,,"Charger 19 (fid=14) not available, trying Charger 0 (fid=308440)",1071.8952415593196,0,,
Car 407,,,,,11,switch,,"Charger 11 (fid=6) not available, trying Charger 15 (fid=10)",1071.9047239937993,15,,
Car 456,,,,,16,switch,,"Charger 16 (fid=11) not available, trying Charger 10 (fid=4)",1072.0301955759899,10,,
Car 390,102.0,5,5,,,done,,done charging,1072.043437283689,,,277.78979296953685
Car 399,,5,5,,,start_charge,,starting to charge at Charger 5 (fid=5),1072.043437283689,,54.2592542759661,
Car 450,,,,,16,switch,,"Charger 16 (fid=11) not available, trying Charger 18 (fid=13)",1072.3088730766945,18,,
Car 467,,,,,8,switch,,"Charger 8 (fid=91) not available, trying Charger 7 (fid=2)",1072.330111506991,7,,
Car 379,79.0,4,10,,,done,,done charging,1072.4496088197789,,,323.16965865424334
Car 414,,4,10,,,start_charge,,starting to charge at Charger 10 (fid=4),1072.4496088197789,,36.90178029168487,
Car 409,,,,,11,switch,,"Charger 11 (fid=6) not available, trying Charger 0 (fid=308440)",1072.9260287688392,0,,
Car 472,,,,7,,arrived,,arrived,1072.9958694146092,,,
Car 460,,,,,5,switch,,"Charger 5 (fid=5) not available, trying Charger 13 (fid=8)",1073.1622482706039,13,,
Car 473,,,,15,,arrived,,arrived,1073.2204053270289,,,
Car 363,,,,,,gave_up,8,"no alternate charger available, gave up",1073.3512965328289,,,
Car 474,,,,89,,arrived,,arrived,1073.4097430430763,,,
Car 412,,,,,8,switch,,"Charger 8 (fid=91) not available, trying Charger 18 (fid=13)",1073.4767549136675,18,,
Car 475,,,,77,,arrived,,arrived,1073.4972914618409,,,
Car 459,,,,,19,switch,,"Charger 19 (fid=14) not available, trying Charger 18 (fid=13)",1073.518192652626,18,,
Car 476,,,,30,,arrived,,arrived,1073.5917316299835,,,
Car 457,,,,,11,switch,,"Charger 11 (fid=6) not available, trying Charger 14 (fid=9)",1073.608345005636,14,,
Car 442,,,,,11,switch,,"Charger 11 (fid=6) not available, trying Charger 16 (fid=11)",1073.9247265938586,16,,
Car 468,,,,,0,switch,,"Charger 0 (fid=308440) not available, trying Charger 19 (fid=14)",1073.9550222378502,19,,
Car 458,,,,,16,switch,,"Charger 16 (fid=11) not available, trying Charger 10 (fid=4)",1074.332547169802,10,,
Car 477,,,,51,,arrived,,arrived,1074.5077238102965,,,
Car 469,,,,,1,switch,,"Charger 1 (fid=308702) not available, trying Charger 16 (fid=11)",1074.601100604931,16,,
Car 438,,,,,0,switch,,"Charger 0 (fid=308440) not available, trying Charger 13 (fid=8)",1074.725555674079,13,,
Car 448,,,,,12,switch,,"Charger 12 (fid=7) not available, trying Charger 7 (fid=2)",1074.763328818894,7,,
Car 393,85.0,13,18,,,done,,done charging,1074.9611453770553,,,238.29321440474584
Car 416,,13,18,,,start_charge,,starting to charge at Charger 18 (fid=13),1074.9611453770553,,43.79123080908914,
Car 447,,,,,12,switch,,"Charger 12 (fid=7) not available, trying Charger 2 (fid=307904)",1074.9772382123194,2,,
Car 461,,,,,19,switch,,"Charger 19 (fid=14) not available, trying Charger 0 (fid=308440)",1075.0405187981205,0,,
Car 444,,,,,9,switch,,"Charger 9 (fid=3) not available, trying Charger 15 (fid=10)",1075.4058929964217,15,,
Car 470,,,,,1,switch,,"Charger 1 (fid=308702) not available, trying Charger 10 (fid=4)",1075.631409686563,10,,
Car 403,45.0,308702,1,,,done,,done charging,1075.7734642897803,,,278.98134534169867
Car 436,,308702,1,,,start_charge,,starting to charge at Charger 1 (fid=308702),1075.7734642897803,,29.12205117094277,
Car 478,,,,29,,arrived,,arrived,1075.909980820899,,,
Car 415,,,,,19,switch,,"Charger 19 (fid=14) not available, trying Charger 11 (fid=6)",1075.9298469544033,11,,
Car 426,,,,,9,switch,,"Charger 9 (fid=3) not available, trying Charger 19 (fid=14)",1076.0537456884197,19,,
Car 398,,,,,9,switch,,"Charger 9 (fid=3) not available, trying Charger 6 (fid=1)",1076.2249127375837,6,,
Car 406,,,,,6,switch,,"Charger 6 (fid=1) not available, trying Charger 4 (fid=308108)",1076.295557647882,4,,
Car 464,,,,,2,switch,,"Charger 2 (fid=307904) not available, trying Charger 3 (fid=307905)",1076.432313414595,3,,
Car 463,,,,,0,switch,,"Charger 0 (fid=308440) not available, trying Charger 16 (fid=11)",1076.4979061700785,16,,
Car 453,,,,,0,switch,,"Charger 0 (fid=308440) not available, trying Charger 19 (fid=14)",1076.5820108080543,19,,
Car 424,,,,,2,switch,,"Charger 2 (fid=307904) not available, trying Charger 3 (fid=307905)",1076.7530892136508,3,,
Car 405,,,,,11,switch,,"Charger 11 (fid=6) not available, trying Charger 0 (fid=308440)",1076.754156171009,0,,
Car 471,,,,,0,switch,,"Charger 0 (fid=308440) not available, trying Charger 19 (fid=14)",1076.7641424427607,19,,
Car 449,,,,,15,switch,,"Charger 15 (fid=10) not available, trying Charger 14 (fid=9)",1076.8282841242217,14,,
Car 408,,,,,6,switch,,"Charger 6 (fid=1) not available, trying Charger 17 (fid=12)",1076.8908804409562,17,,
Car 425,,,,,1,switch,,"Charger 1 (fid=308702) not available, trying Charger 9 (fid=3)",1077.1184961442939,9,,
Car 465,,,,,12,switch,,"Charger 12 (fid=7) not available, trying Charger 4 (fid=308108)",1077.2714424860767,4,,
Car 462,,,,,5,switch,,"Charger 5 (fid=5) not available, trying Charger 10 (fid=4)",1077.5367983879278,10,,
Car 365,112.0,8,13,,,done,,done charging,1077.8404102292454,,,460.0371876154904
Car 443,,8,13,,,start_charge,,starting to charge at Charger 13 (fid=8),1077.8404102292454,,22.932738066118645,
Car 472,,,,,12,switch,,"Charger 12 (fid=7) not available, trying Charger 4 (fid=308108)",1077.9958694146092,4,,
Car 473,,,,,19,switch,,"Charger 19 (fid=14) not available, trying Charger 0 (fid=308440)",1078.2204053270289,0,,
Car 430,,,,,15,switch,,"Charger 15 (fid=10) not available, trying Charger 19 (fid=14)",1078.2429161535379,19,,
Car 474,,,,,8,switch,,"Charger 8 (fid=91) not available, trying Charger 7 (fid=2)",1078.4097430430763,7,,
Car 466,,,,,0,switch,,"Charger 0 (fid=308440) not available, trying Charger 11 (fid=6)",1078.4896360211847,11,,
Car 479,,,,60,,arrived,,arrived,1078.4932190465572,,,
Car 475,,,,,6,switch,,"Charger 6 (fid=1) not available, trying Charger 12 (fid=7)",1078.4972914618409,12,,
Car 476,,,,,1,switch,,"Charger 1 (fid=308702) not available, trying Charger 18 (fid=13)",1078.5917316299835,18,,
Car 480,,,,66,,arrived,,arrived,1078.7110071877032,,,
Car 401,,,,,0,switch,,"Charger 0 (fid=308440) not available, trying Charger 20 (fid=15)",1078.727870781826,20,,
Car 431,,,,,15,switch,,"Charger 15 (fid=10) not available, trying Charger 19 (fid=14)",1078.8528857280835,19,,
Car 445,,,,,2,switch,,"Charger 2 (fid=307904) not available, trying Charger 3 (fid=307905)",1078.9154212052676,3,,
Car 465,,308108,4,,,start_charge,,starting to charge at Charger 4 (fid=308108),1078.9337718215072,,10.0,
Car 467,,,,,7,switch,,"Charger 7 (fid=2) not available, trying Charger 4 (fid=308108)",1079.1571026940196,4,,
Car 481,,,,62,,arrived,,arrived,1079.2466385462235,,,
Car 411,,,,,11,switch,,"Charger 11 (fid=6) not available, trying Charger 15 (fid=10)",1079.323645151172,15,,
Car 433,,,,,16,switch,,"Charger 16 (fid=11) not available, trying Charger 19 (fid=14)",1079.3631762583375,19,,
Car 410,,,,,11,switch,,"Charger 11 (fid=6) not available, trying Charger 0 (fid=308440)",1079.436361858679,0,,
Car 477,,,,,20,switch,,"Charger 20 (fid=15) not available, trying Charger 12 (fid=7)",1079.5077238102965,12,,
Car 384,,,,,10,switch,,"Charger 10 (fid=4) not available, trying Charger 15 (fid=10)",1079.6005575747647,15,,
Car 420,,,,,19,switch,,"Charger 19 (fid=14) not available, trying Charger 11 (fid=6)",1079.7340422763903,11,,
Car 423,,,,,13,switch,,"Charger 13 (fid=8) not available, trying Charger 14 (fid=9)",1080.0729504932033,14,,
Car 377,,,,,17,switch,,"Charger 17 (fid=12) not available, trying Charger 7 (fid=2)",1080.3882558901819,7,,
Car 456,,,,,10,switch,,"Charger 10 (fid=4) not available, trying Charger 5 (fid=5)",1080.4822259144614,5,,
Car 468,,,,,19,switch,,"Charger 19 (fid=14) not available, trying Charger 18 (fid=13)",1080.5494166997153,18,,
Car 478,,,,,19,switch,,"Charger 19 (fid=14) not available, trying Charger 0 (fid=308440)",1080.909980820899,0,,
Car 442,,,,,16,switch,,"Charger 16 (fid=11) not available, trying Charger 2 (fid=307904)",1081.0891227273119,2,,
Car 460,,,,,13,switch,,"Charger 13 (fid=8) not available, trying Charger 15 (fid=10)",1081.0976162102236,15,,
Car 387,119.0,308440,0,,,done,,done charging,1081.1471287966342,,,144.90654047807305
Car 461,,308440,0,,,start_charge,,starting to charge at Charger 0 (fid=308440),1081.1471287966342,,14.512215536648682,
Car 427,,,,,13,switch,,"Charger 13 (fid=8) not available, trying Charger 6 (fid=1)",1081.1664939096759,6,,
Car 386,,,,,9,switch,,"Charger 9 (fid=3) not available, trying Charger 7 (fid=2)",1081.6068893537897,7,,
Car 482,,,,8,,arrived,,arrived,1081.6331898075027,,,
Car 464,,,,,3,switch,,"Charger 3 (fid=307905) not available, trying Charger 17 (fid=12)",1081.6959395961592,17,,
Car 459,,,,,18,switch,,"Charger 18 (fid=13) not available, trying Charger 11 (fid=6)",1081.7365047698097,11,,
Car 388,,,,,8,switch,,"Charger 8 (fid=91) not available, trying Charger 5 (fid=5)",1081.7737914941208,5,,
Car 483,,,,15,,arrived,,arrived,1081.8049587620967,,,
Car 407,,,,,15,switch,,"Charger 15 (fid=10) not available, trying Charger 2 (fid=307904)",1081.8888329658419,2,,
Car 450,,,,,18,switch,,"Charger 18 (fid=13) not available, trying Charger 11 (fid=6)",1081.9086410366572,11,,
Car 448,,,,,7,switch,,"Charger 7 (fid=2) not available, trying Charger 4 (fid=308108)",1081.9475492843487,4,,
Car 424,,,,,3,switch,,"Charger 3 (fid=307905) not available, trying Charger 14 (fid=9)",1082.016715395215,14,,
Car 484,,,,4,,arrived,,arrived,1082.0913074584294,,,
Car 409,,,,,0,switch,,"Charger 0 (fid=308440) not available, trying Charger 18 (fid=13)",1082.094559757692,18,,
Car 447,,,,,2,switch,,"Charger 2 (fid=307904) not available, trying Charger 3 (fid=307905)",1082.5564306242095,3,,
Car 458,,,,,10,switch,,"Charger 10 (fid=4) not available, trying Charger 5 (fid=5)",1082.7845775082735,5,,
Car 457,,,,,14,switch,,"Charger 14 (fid=9) not available, trying Charger 9 (fid=3)",1083.0242780031865,9,,
Car 453,,,,,19,switch,,"Charger 19 (fid=14) not available, trying Charger 16 (fid=11)",1083.1764052699193,16,,
Car 471,,,,,19,switch,,"Charger 19 (fid=14) not available, trying Charger 18 (fid=13)",1083.3585369046257,18,,
Car 449,,,,,14,switch,,"Charger 14 (fid=9) not available, trying Charger 1 (fid=308702)",1083.3631954804382,1,,
Car 462,,,,,10,switch,,"Charger 10 (fid=4) not available, trying Charger 18 (fid=13)",1083.425198436316,18,,
Car 485,,,,7,,arrived,,arrived,1083.4492249816083,,,
Car 479,,,,,16,switch,,"Charger 16 (fid=11) not available, trying Charger 11 (fid=6)",1083.4932190465572,11,,
Car 394,113.0,15,20,,,done,,done charging,1083.5857233124036,,,222.1114232837758
Car 483,,15,20,,,start_charge,,starting to charge at Charger 20 (fid=15),1083.5857233124036,,1.7807645503069125,
Car 469,,,,,16,switch,,"Charger 16 (fid=11) not available, trying Charger 10 (fid=4)",1083.613567996775,10,,
Car 408,,,,,17,switch,,"Charger 17 (fid=12) not available, trying Charger 10 (fid=4)",1083.661466791746,10,,
Car 480,,,,,15,switch,,"Charger 15 (fid=10) not available, trying Charger 14 (fid=9)",1083.7110071877032,14,,
Car 470,,,,,10,switch,,"Charger 10 (fid=4) not available, trying Charger 5 (fid=5)",1083.9805254769797,5,,
Car 415,,,,,11,switch,,"Charger 11 (fid=6) not available, trying Charger 0 (fid=308440)",1084.1406637081893,0,,
Car 406,,,,,4,switch,,"Charger 4 (fid=308108) not available, trying Charger 19 (fid=14)",1084.1469371388416,19,,
Car 445,,,,,3,switch,,"Charger 3 (fid=307905) not available, trying Charger 6 (fid=1)",1084.1790473868318,6,,
Car 481,,,,,16,switch,,"Charger 16 (fid=11) not available, trying Charger 11 (fid=6)",1084.2466385462235,11,,
Car 463,,,,,16,switch,,"Charger 16 (fid=11) not available, trying Charger 11 (fid=6)",1084.473756474723,11,,
Car 486,,,,5,,arrived,,arrived,1084.5426994539966,,,
Car 472,,,,,4,switch,,"Charger 4 (fid=308108) not available, trying Charger 6 (fid=1)",1084.6581987500397,6,,
Car 473,,,,,0,switch,,"Charger 0 (fid=308440) not available, trying Charger 11 (fid=6)",1084.8147997888939,11,,
Car 444,,,,,15,switch,,"Charger 15 (fid=10) not available, trying Charger 19 (fid=14)",1085.005916918681,19,,
Car 432,58.0,1,6,,,done,,done charging,1085.0068524066603,,,226.10647638976275
Car 398,,1,6,,,start_charge,,starting to charge at Charger 6 (fid=1),1085.0068524066603,,62.9479735193562,
Car 487,,,,37,,arrived,,arrived,1085.204557896509,,,
Car 474,,,,,7,switch,,"Charger 7 (fid=2) not available, trying Charger 4 (fid=308108)",1085.236734230105,4,,
Car 438,,,,,13,switch,,"Charger 13 (fid=8) not available, trying Charger 16 (fid=11)",1085.3151919548416,16,,
Car 475,,,,,12,switch,,"Charger 12 (fid=7) not available, trying Charger 4 (fid=308108)",1085.4217303500589,4,,
Car 488,,,,87,,arrived,,arrived,1085.5277899061239,,,
Car 467,,,,,4,switch,,"Charger 4 (fid=308108) not available, trying Charger 12 (fid=7)",1085.759887093979,12,,
Car 476,,,,,18,switch,,"Charger 18 (fid=13) not available, trying Charger 0 (fid=308440)",1085.774922567844,0,,
Car 405,,,,,0,switch,,"Charger 0 (fid=308440) not available, trying Charger 6 (fid=1)",1085.9226871598619,6,,
Car 456,,,,,5,switch,,"Charger 5 (fid=5) not available, trying Charger 13 (fid=8)",1086.3706259628495,13,,
Car 423,,,,,14,switch,,"Charger 14 (fid=9) not available, trying Charger 11 (fid=6)",1086.49285501643,11,,
Car 433,,,,,19,switch,,"Charger 19 (fid=14) not available, trying Charger 18 (fid=13)",1086.5931084952747,18,,
Car 482,,,,,13,switch,,"Charger 13 (fid=8) not available, trying Charger 15 (fid=10)",1086.6331898075027,15,,
Car 489,,,,71,,arrived,,arrived,1086.8402435470555,,,
Car 490,,,,54,,arrived,,arrived,1086.8413069749602,,,
Car 426,,,,,19,switch,,"Charger 19 (fid=14) not available, trying Charger 11 (fid=6)",1087.078051597268,11,,
Car 484,,,,,10,switch,,"Charger 10 (fid=4) not available, trying Charger 5 (fid=5)",1087.0913074584294,5,,
Car 412,,,,,18,switch,,"Charger 18 (fid=13) not available, trying Charger 16 (fid=11)",1087.1920723415735,16,,
Car 460,,,,,15,switch,,"Charger 15 (fid=10) not available, trying Charger 14 (fid=9)",1087.4766012648147,14,,
Car 478,,,,,0,switch,,"Charger 0 (fid=308440) not available, trying Charger 11 (fid=6)",1087.504375282764,11,,
Car 466,,,,,11,switch,,"Charger 11 (fid=6) not available, trying Charger 16 (fid=11)",1087.6581670100375,16,,
Car 447,,,,,3,switch,,"Charger 3 (fid=307905) not available, trying Charger 6 (fid=1)",1087.8200568057737,6,,
Car 384,,,,,15,switch,,"Charger 15 (fid=10) not available, trying Charger 7 (fid=2)",1087.8322193467902,7,,
Car 464,,,,,17,switch,,"Charger 17 (fid=12) not available, trying Charger 12 (fid=7)",1087.931613242806,12,,
Car 491,,,,22,,arrived,,arrived,1087.9440918324542,,,
Car 420,,,,,11,switch,,"Charger 11 (fid=6) not available, trying Charger 0 (fid=308440)",1087.9448590301763,0,,
Car 430,,,,,19,switch,,"Charger 19 (fid=14) not available, trying Charger 18 (fid=13)",1088.201641199583,18,,
Car 485,,,,,12,switch,,"Charger 12 (fid=7) not available, trying Charger 4 (fid=308108)",1088.4492249816083,4,,
Car 448,,,,,4,switch,,"Charger 4 (fid=308108) not available, trying Charger 6 (fid=1)",1088.550333684308,6,,
Car 477,,,,,12,switch,,"Charger 12 (fid=7) not available, trying Charger 4 (fid=308108)",1088.6020712743657,4,,
Car 410,,,,,0,switch,,"Charger 0 (fid=308440) not available, trying Charger 6 (fid=1)",1088.6048928475318,6,,
Car 458,,,,,5,switch,,"Charger 5 (fid=5) not available, trying Charger 13 (fid=8)",1088.6729775566616,13,,
Car 468,,,,,18,switch,,"Charger 18 (fid=13) not available, trying Charger 11 (fid=6)",1088.7677288168989,11,,
Car 431,,,,,19,switch,,"Charger 19 (fid=14) not available, trying Charger 18 (fid=13)",1088.8116107741287,18,,
Car 377,,,,,7,switch,,"Charger 7 (fid=2) not available, trying Charger 8 (fid=91)",1089.2640935036804,8,,
Car 411,,,,,15,switch,,"Charger 15 (fid=10) not available, trying Charger 2 (fid=307904)",1089.3077541232146,2,,
Car 409,,,,,18,switch,,"Charger 18 (fid=13) not available, trying Charger 9 (fid=3)",1089.321752976994,9,,
Car 486,,,,,7,switch,,"Charger 7 (fid=2) not available, trying Charger 4 (fid=308108)",1089.5426994539966,4,,
Car 470,,,,,5,switch,,"Charger 5 (fid=5) not available, trying Charger 16 (fid=11)",1089.8689255253678,16,,
Car 442,,,,,2,switch,,"Charger 2 (fid=307904) not available, trying Charger 3 (fid=307905)",1089.9075813525887,3,,
Car 492,,,,15,,arrived,,arrived,1089.959442892762,,,
Car 425,,,,,9,switch,,"Charger 9 (fid=3) not available, trying Charger 11 (fid=6)",1089.978565899183,11,,
Car 493,,,,15,,arrived,,arrived,1089.9881463170852,,,
Car 358,99.0,10,15,,,done,,done charging,1090.1304989722662,,,334.7296476265331
Car 482,,10,15,,,start_charge,,starting to charge at Charger 15 (fid=10),1090.1304989722662,,7.1183241101723524,
Car 487,,,,,10,switch,,"Charger 10 (fid=4) not available, trying Charger 5 (fid=5)",1090.204557896509,5,,
Car 480,,,,,14,switch,,"Charger 14 (fid=9) not available, trying Charger 9 (fid=3)",1090.2459185439197,9,,
Car 494,,,,55,,arrived,,arrived,1090.3124829033438,,,
Car 445,,,,,6,switch,,"Charger 6 (fid=1) not available, trying Charger 17 (fid=12)",1090.3852377797732,17,,
Car 453,,,,,16,switch,,"Charger 16 (fid=11) not available, trying Charger 10 (fid=4)",1090.4063375068565,10,,
Car 488,,,,,8,switch,,"Charger 8 (fid=91) not available, trying Charger 7 (fid=2)",1090.5277899061239,7,,
Car 479,,,,,11,switch,,"Charger 11 (fid=6) not available, trying Charger 14 (fid=9)",1090.6576151800105,14,,
Car 495,,,,50,,arrived,,arrived,1090.7562472965192,,,
Car 496,,,,37,,arrived,,arrived,1090.864818100602,,,
Car 481,,,,,11,switch,,"Charger 11 (fid=6) not available, trying Charger 14 (fid=9)",1091.4110346796767,14,,
Car 471,,,,,18,switch,,"Charger 18 (fid=13) not available, trying Charger 11 (fid=6)",1091.5768490218093,11,,
Car 463,,,,,11,switch,,"Charger 11 (fid=6) not available, trying Charger 2 (fid=307904)",1091.6381526081761,2,,
Car 474,,,,,4,switch,,"Charger 4 (fid=308108) not available, trying Charger 12 (fid=7)",1091.8395186300643,12,,
Car 489,,,,,19,switch,,"Charger 19 (fid=14) not available, trying Charger 0 (fid=308440)",1091.8402435470555,0,,
Car 490,,,,,19,switch,,"Charger 19 (fid=14) not available, trying Charger 16 (fid=11)",1091.8413069749602,16,,
Car 401,,,,,20,switch,,"Charger 20 (fid=15) not available, trying Charger 9 (fid=3)",1091.9526314875643,9,,
Car 469,,,,,10,switch,,"Charger 10 (fid=4) not available, trying Charger 19 (fid=14)",1092.0655983352465,19,,
Car 475,,,,,4,switch,,"Charger 4 (fid=308108) not available, trying Charger 16 (fid=11)",1092.0840596854894,16,,
Car 457,,,,,9,switch,,"Charger 9 (fid=3) not available, trying Charger 15 (fid=10)",1092.1120313044019,15,,
Car 497,,,,45,,arrived,,arrived,1092.3694911284422,,,
Car 467,,,,,12,switch,,"Charger 12 (fid=7) not available, trying Charger 2 (fid=307904)",1092.4222164294094,2,,
Car 472,,,,,6,switch,,"Charger 6 (fid=1) not available, trying Charger 7 (fid=2)",1092.5095782409992,7,,
Car 427,,,,,6,switch,,"Charger 6 (fid=1) not available, trying Charger 2 (fid=307904)",1092.527243467584,2,,
Car 459,,,,,11,switch,,"Charger 11 (fid=6) not available, trying Charger 16 (fid=11)",1092.5409171790775,16,,
Car 498,,,,30,,arrived,,arrived,1092.6962180142395,,,
Car 450,,,,,11,switch,,"Charger 11 (fid=6) not available, trying Charger 2 (fid=307904)",1092.713053445925,2,,
Car 499,,,,30,,arrived,,arrived,1092.8983846528142,,,
Car 491,,,,,18,switch,,"Charger 18 (fid=13) not available, trying Charger 1 (fid=308702)",1092.9440918324542,1,,
Car 484,,,,,5,switch,,"Charger 5 (fid=5) not available, trying Charger 13 (fid=8)",1092.9797075068175,13,,
Car 476,,,,,0,switch,,"Charger 0 (fid=308440) not available, trying Charger 19 (fid=14)",1093.002115787146,19,,
Car 424,,,,,14,switch,,"Charger 14 (fid=9) not available, trying Charger 6 (fid=1)",1093.1012815305646,6,,
Car 386,,,,,7,switch,,"Charger 7 (fid=2) not available, trying Charger 8 (fid=91)",1093.1166754805665,8,,
Car 449,,,,,1,switch,,"Charger 1 (fid=308702) not available, trying Charger 16 (fid=11)",1093.2844472157244,16,,
Car 415,,,,,0,switch,,"Charger 0 (fid=308440) not available, trying Charger 18 (fid=13)",1093.3091946970421,18,,
Car 407,,,,,2,switch,,"Charger 2 (fid=307904) not available, trying Charger 3 (fid=307905)",1093.5252382440626,3,,
Car 462,,,,,18,switch,,"Charger 18 (fid=13) not available, trying Charger 0 (fid=308440)",1093.5924689422002,0,,
Car 438,,,,,16,switch,,"Charger 16 (fid=11) not available, trying Charger 19 (fid=14)",1093.7243422403376,19,,
Car 473,,,,,11,switch,,"Charger 11 (fid=6) not available, trying Charger 16 (fid=11)",1093.9833307777467,16,,
Car 460,,,,,14,switch,,"Charger 14 (fid=9) not available, trying Charger 1 (fid=308702)",1094.0115126210312,1,,
Car 447,,,,,6,switch,,"Charger 6 (fid=1) not available, trying Charger 17 (fid=12)",1094.026247198715,17,,
Car 456,,,,,13,switch,,"Charger 13 (fid=8) not available, trying Charger 15 (fid=10)",1094.3059939024693,15,,
Car 500,,,,37,,arrived,,arrived,1094.649648302381,,,
Car 392,85.0,11,16,,,done,,done charging,1094.6523816097933,,,362.4243696107026
Car 466,,11,16,,,start_charge,,starting to charge at Charger 16 (fid=11),1094.6523816097933,,19.82981846630264,
Car 433,,,,,18,switch,,"Charger 18 (fid=13) not available, trying Charger 11 (fid=6)",1094.8114206124583,11,,
Car 492,,,,,19,switch,,"Charger 19 (fid=14) not available, trying Charger 0 (fid=308440)",1094.959442892762,0,,
Car 444,,,,,19,switch,,"Charger 19 (fid=14) not available, trying Charger 13 (fid=8)",1094.964641964726,13,,
Car 493,,,,,19,switch,,"Charger 19 (fid=14) not available, trying Charger 0 (fid=308440)",1094.9881463170852,0,,
Car 485,,,,,4,switch,,"Charger 4 (fid=308108) not available, trying Charger 6 (fid=1)",1095.1115543170388,6,,
Car 442,,,,,3,switch,,"Charger 3 (fid=307905) not available, trying Charger 1 (fid=308702)",1095.171207534153,1,,
Car 477,,,,,4,switch,,"Charger 4 (fid=308108) not available, trying Charger 6 (fid=1)",1095.2644006097962,6,,
Car 426,,,,,11,switch,,"Charger 11 (fid=6) not available, trying Charger 1 (fid=308702)",1095.2888683510541,1,,
Car 494,,,,,19,switch,,"Charger 19 (fid=14) not available, trying Charger 0 (fid=308440)",1095.3124829033438,0,,
Car 501,,,,77,,arrived,,arrived,1095.359291857321,,,
Car 321,112.0,91,8,,,done,,done charging,1095.408226893388,,,478.59288540111635
Car 377,,91,8,,,start_charge,,starting to charge at Charger 8 (fid=91),1095.408226893388,,94.31714220267884,
Car 406,,,,,19,switch,,"Charger 19 (fid=14) not available, trying Charger 2 (fid=307904)",1095.6111165206942,2,,
Car 495,,,,,9,switch,,"Charger 9 (fid=3) not available, trying Charger 14 (fid=9)",1095.7562472965192,14,,
Car 502,,,,14,,arrived,,arrived,1095.8142487446526,,,
Car 496,,,,,10,switch,,"Charger 10 (fid=4) not available, trying Charger 5 (fid=5)",1095.864818100602,5,,
Car 423,,,,,11,switch,,"Charger 11 (fid=6) not available, trying Charger 15 (fid=10)",1095.9087880139805,15,,
Car 464,,,,,12,switch,,"Charger 12 (fid=7) not available, trying Charger 7 (fid=2)",1096.0915384441653,7,,
Car 487,,,,,5,switch,,"Charger 5 (fid=5) not available, trying Charger 14 (fid=9)",1096.092957944897,14,,
Car 486,,,,,4,switch,,"Charger 4 (fid=308108) not available, trying Charger 8 (fid=91)",1096.145483853956,8,,
Car 405,,,,,6,switch,,"Charger 6 (fid=1) not available, trying Charger 2 (fid=307904)",1096.2017388701324,2,,
Car 388,,,,,5,switch,,"Charger 5 (fid=5) not available, trying Charger 13 (fid=8)",1096.2203489408412,13,,
Car 448,,,,,6,switch,,"Charger 6 (fid=1) not available, trying Charger 8 (fid=91)",1096.4017131752676,8,,
Car 430,,,,,18,switch,,"Charger 18 (fid=13) not available, trying Charger 11 (fid=6)",1096.4199533167666,11,,
Car 408,,,,,10,switch,,"Charger 10 (fid=4) not available, trying Charger 5 (fid=5)",1096.5908235301267,5,,
Car 458,,,,,13,switch,,"Charger 13 (fid=8) not available, trying Charger 15 (fid=10)",1096.6083454962813,15,,
Car 478,,,,,11,switch,,"Charger 11 (fid=6) not available, trying Charger 16 (fid=11)",1096.6729062716167,16,,
Car 385,106.0,6,11,,,done,,done charging,1096.7647472173085,,,352.91504565101206
Car 468,,6,11,,,start_charge,,starting to charge at Charger 11 (fid=6),1096.7647472173085,,17.192605991141818,
Car 412,,,,,16,switch,,"Charger 16 (fid=11) not available, trying Charger 7 (fid=2)",1096.7918403015362,7,,
Car 431,,,,,18,switch,,"Charger 18 (fid=13) not available, trying Charger 11 (fid=6)",1097.0299228913123,11,,
Car 420,,,,,0,switch,,"Charger 0 (fid=308440) not available, trying Charger 18 (fid=13)",1097.113390019029,18,,
Car 445,,,,,17,switch,,"Charger 17 (fid=12) not available, trying Charger 20 (fid=15)",1097.1558241305631,20,,
Car 503,,,,26,,arrived,,arrived,1097.228808705075,,,
Car 488,,,,,7,switch,,"Charger 7 (fid=2) not available, trying Charger 4 (fid=308108)",1097.3547810931525,4,,
Car 497,,,,,16,switch,,"Charger 16 (fid=11) not available, trying Charger 11 (fid=6)",1097.3694911284422,11,,
Car 498,,,,,19,switch,,"Charger 19 (fid=14) not available, trying Charger 0 (fid=308440)",1097.6962180142395,0,,
Car 504,,,,69,,arrived,,arrived,1097.7962448608496,,,
Car 499,,,,,19,switch,,"Charger 19 (fid=14) not available, trying Charger 0 (fid=308440)",1097.8983846528142,0,,
Car 489,,,,,0,switch,,"Charger 0 (fid=308440) not available, trying Charger 16 (fid=11)",1098.4346380089205,16,,
Car 474,,,,,12,switch,,"Charger 12 (fid=7) not available, trying Charger 2 (fid=307904)",1098.5018479654948,2,,
Car 470,,,,,16,switch,,"Charger 16 (fid=11) not available, trying Charger 19 (fid=14)",1098.5269534308427,19,,
Car 427,,,,,2,switch,,"Charger 2 (fid=307904) not available, trying Charger 3 (fid=307905)",1098.7170970289046,3,,
Car 407,,,,,3,switch,,"Charger 3 (fid=307905) not available, trying Charger 6 (fid=1)",1098.7888644256268,6,,
Car 417,61.0,7,12,,,done,,done charging,1098.8011786476707,,,160.30575938856296
Car 453,,,,,10,switch,,"Charger 10 (fid=4) not available, trying Charger 5 (fid=5)",1098.858367845328,5,,
Car 410,,,,,6,switch,,"Charger 6 (fid=1) not available, trying Charger 12 (fid=7)",1098.8839445578024,12,,
Car 490,,,,,16,switch,,"Charger 16 (fid=11) not available, trying Charger 0 (fid=308440)",1099.0712392118974,0,,
Car 505,,,,66,,arrived,,arrived,1099.2724651472045,,,
Car 480,,,,,9,switch,,"Charger 9 (fid=3) not available, trying Charger 13 (fid=8)",1099.333671845135,13,,
Car 506,,,,65,,arrived,,arrived,1099.4650409957947,,,
Car 476,,,,,19,switch,,"Charger 19 (fid=14) not available, trying Charger 10 (fid=4)",1099.596510249011,10,,
Car 500,,,,,10,switch,,"Charger 10 (fid=4) not available, trying Charger 5 (fid=5)",1099.649648302381,5,,
Car 507,,,,58,,arrived,,arrived,1099.6884426784286,,,
Car 459,,,,,16,switch,,"Charger 16 (fid=11) not available, trying Charger 2 (fid=307904)",1099.7053133125307,2,,
Car 425,,,,,11,switch,,"Charger 11 (fid=6) not available, trying Charger 0 (fid=308440)",1099.773434535304,0,,
Car 386,,,,,8,switch,,"Charger 8 (fid=91) not available, trying Charger 4 (fid=308108)",1099.9436666675952,4,,
Car 463,,,,,2,switch,,"Charger 2 (fid=307904) not available, trying Charger 3 (fid=307905)",1099.9628368466356,3,,
Car 467,,,,,2,switch,,"Charger 2 (fid=307904) not available, trying Charger 3 (fid=307905)",1100.0014088412995,3,,
Car 479,,,,,14,switch,,"Charger 14 (fid=9) not available, trying Charger 9 (fid=3)",1100.073548177561,9,,
Car 491,,,,,1,switch,,"Charger 1 (fid=308702) not available, trying Charger 0 (fid=308440)",1100.1272827703147,0,,
Car 472,,,,,7,switch,,"Charger 7 (fid=2) not available, trying Charger 2 (fid=307904)",1100.1499295413564,2,,
Car 384,,,,,7,switch,,"Charger 7 (fid=2) not available, trying Charger 5 (fid=5)",1100.20241937217,5,,
Car 501,,,,,6,switch,,"Charger 6 (fid=1) not available, trying Charger 12 (fid=7)",1100.359291857321,12,,
Car 401,,,,,9,switch,,"Charger 9 (fid=3) not available, trying Charger 8 (fid=91)",1100.3841567395507,8,,
Car 508,,,,56,,arrived,,arrived,1100.4298344290055,,,
Car 415,,,,,18,switch,,"Charger 18 (fid=13) not available, trying Charger 9 (fid=3)",1100.5363879163442,9,,
Car 456,,,,,15,switch,,"Charger 15 (fid=10) not available, trying Charger 19 (fid=14)",1100.6849789570604,19,,
Car 447,,,,,17,switch,,"Charger 17 (fid=12) not available, trying Charger 20 (fid=15)",1100.796833549505,20,,
Car 410,,7,12,,,start_charge,,starting to charge at Charger 12 (fid=7),1100.8083834460203,,60.000000000000114,
Car 502,,,,,19,switch,,"Charger 19 (fid=14) not available, trying Charger 0 (fid=308440)",1100.8142487446526,0,,
Car 462,,,,,0,switch,,"Charger 0 (fid=308440) not available, trying Charger 16 (fid=11)",1100.8196621615023,16,,
Car 481,,,,,14,switch,,"Charger 14 (fid=9) not available, trying Charger 9 (fid=3)",1100.8269676772272,9,,
Car 484,,,,,13,switch,,"Charger 13 (fid=8) not available, trying Charger 15 (fid=10)",1100.9150754464372,15,,
Car 411,,,,,2,switch,,"Charger 2 (fid=307904) not available, trying Charger 3 (fid=307905)",1100.9441594014354,3,,
Car 438,,,,,19,switch,,"Charger 19 (fid=14) not available, trying Charger 15 (fid=10)",1100.9542744772748,15,,
Car 450,,,,,2,switch,,"Charger 2 (fid=307904) not available, trying Charger 3 (fid=307905)",1101.0377376843844,3,,
Car 473,,,,,16,switch,,"Charger 16 (fid=11) not available, trying Charger 2 (fid=307904)",1101.1477269112,2,,
Car 395,82.0,13,18,,,done,,done charging,1101.3809656432472,,,270.8904689361925
Car 420,,13,18,,,start_charge,,starting to charge at Charger 18 (fid=13),1101.3809656432472,,52.040382404916045,
Car 492,,,,,0,switch,,"Charger 0 (fid=308440) not available, trying Charger 11 (fid=6)",1101.553837354627,11,,
Car 493,,,,,0,switch,,"Charger 0 (fid=308440) not available, trying Charger 11 (fid=6)",1101.5825407789503,11,,
Car 469,,,,,19,switch,,"Charger 19 (fid=14) not available, trying Charger 5 (fid=5)",1101.670866011003,5,,
Car 457,,,,,15,switch,,"Charger 15 (fid=10) not available, trying Charger 13 (fid=8)",1101.712055226661,13,,
Car 496,,,,,5,switch,,"Charger 5 (fid=5) not available, trying Charger 14 (fid=9)",1101.75321814899,14,,
Car 509,,,,80,,arrived,,arrived,1101.856982403825,,,
Car 494,,,,,0,switch,,"Charger 0 (fid=308440) not available, trying Charger 16 (fid=11)",1101.9068773652089,16,,
Car 475,,,,,16,switch,,"Charger 16 (fid=11) not available, trying Charger 2 (fid=307904)",1102.205829388931,2,,
Car 503,,,,,1,switch,,"Charger 1 (fid=308702) not available, trying Charger 18 (fid=13)",1102.228808705075,18,,
Car 449,,,,,16,switch,,"Charger 16 (fid=11) not available, trying Charger 19 (fid=14)",1102.2969146075684,19,,
Car 471,,,,,11,switch,,"Charger 11 (fid=6) not available, trying Charger 16 (fid=11)",1102.381261431077,16,,
Car 405,,,,,2,switch,,"Charger 2 (fid=307904) not available, trying Charger 3 (fid=307905)",1102.391592431453,3,,
Car 408,,,,,5,switch,,"Charger 5 (fid=5) not available, trying Charger 13 (fid=8)",1102.4792235785148,13,,
Car 409,,,,,9,switch,,"Charger 9 (fid=3) not available, trying Charger 6 (fid=1)",1102.769123300002,6,,
Car 504,,,,,0,switch,,"Charger 0 (fid=308440) not available, trying Charger 19 (fid=14)",1102.7962448608496,19,,
Car 485,,,,,6,switch,,"Charger 6 (fid=1) not available, trying Charger 7 (fid=2)",1102.9629338079983,7,,
Car 458,,,,,15,switch,,"Charger 15 (fid=10) not available, trying Charger 19 (fid=14)",1102.9873305508725,19,,
Car 477,,,,,6,switch,,"Charger 6 (fid=1) not available, trying Charger 2 (fid=307904)",1103.1157801007557,2,,
Car 464,,,,,7,switch,,"Charger 7 (fid=2) not available, trying Charger 4 (fid=308108)",1103.27575890962,4,,
Car 486,,,,,8,switch,,"Charger 8 (fid=91) not available, trying Charger 20 (fid=15)",1103.355895537037,20,,
Car 424,,,,,6,switch,,"Charger 6 (fid=1) not available, trying Charger 17 (fid=12)",1103.5805931918205,17,,
Car 478,,,,,16,switch,,"Charger 16 (fid=11) not available, trying Charger 2 (fid=307904)",1103.83730240507,2,,
Car 460,,,,,1,switch,,"Charger 1 (fid=308702) not available, trying Charger 16 (fid=11)",1103.9327643563174,16,,
Car 488,,,,,4,switch,,"Charger 4 (fid=308108) not available, trying Charger 12 (fid=7)",1103.9575654931118,12,,
Car 427,,,,,3,switch,,"Charger 3 (fid=307905) not available, trying Charger 10 (fid=4)",1103.9807232104688,10,,
Car 406,,,,,2,switch,,"Charger 2 (fid=307904) not available, trying Charger 3 (fid=307905)",1103.9898897845208,3,,
Car 388,,,,,13,switch,,"Charger 13 (fid=8) not available, trying Charger 15 (fid=10)",1104.155716880461,15,,
Car 505,,,,,15,switch,,"Charger 15 (fid=10) not available, trying Charger 14 (fid=9)",1104.2724651472045,14,,
Car 498,,,,,0,switch,,"Charger 0 (fid=308440) not available, trying Charger 16 (fid=11)",1104.2906124761046,16,,
Car 448,,,,,8,switch,,"Charger 8 (fid=91) not available, trying Charger 2 (fid=307904)",1104.365542514142,2,,
Car 506,,,,,10,switch,,"Charger 10 (fid=4) not available, trying Charger 13 (fid=8)",1104.4650409957947,13,,
Car 499,,,,,0,switch,,"Charger 0 (fid=308440) not available, trying Charger 16 (fid=11)",1104.4927791146793,16,,
Car 497,,,,,11,switch,,"Charger 11 (fid=6) not available, trying Charger 14 (fid=9)",1104.5338872618954,14,,
Car 507,,,,,7,switch,,"Charger 7 (fid=2) not available, trying Charger 4 (fid=308108)",1104.6884426784286,4,,
Car 487,,,,,14,switch,,"Charger 14 (fid=9) not available, trying Charger 16 (fid=11)",1104.746396853202,16,,
Car 453,,,,,5,switch,,"Charger 5 (fid=5) not available, trying Charger 11 (fid=6)",1104.7467678937162,11,,
Car 444,,,,,13,switch,,"Charger 13 (fid=8) not available, trying Charger 6 (fid=1)",1104.8083601777814,6,,
Car 495,,,,,14,switch,,"Charger 14 (fid=9) not available, trying Charger 16 (fid=11)",1104.8440005977345,16,,
Car 407,,,,,6,switch,,"Charger 6 (fid=1) not available, trying Charger 17 (fid=12)",1104.9950548185682,17,,
Car 463,,,,,3,switch,,"Charger 3 (fid=307905) not available, trying Charger 18 (fid=13)",1105.2264630281998,18,,
Car 467,,,,,3,switch,,"Charger 3 (fid=307905) not available, trying Charger 6 (fid=1)",1105.2650350228637,6,,
Car 368,70.0,3,9,,,done,,done charging,1105.4208949803838,,,483.6930167874318
Car 479,,3,9,,,start_charge,,starting to charge at Charger 9 (fid=3),1105.4208949803838,,16.25959350160747,
Car 508,,,,,19,switch,,"Charger 19 (fid=14) not available, trying Charger 0 (fid=308440)",1105.4298344290055,0,,
Car 426,,,,,1,switch,,"Charger 1 (fid=308702) not available, trying Charger 0 (fid=308440)",1105.505980192203,0,,
Car 500,,,,,5,switch,,"Charger 5 (fid=5) not available, trying Charger 14 (fid=9)",1105.538048350769,14,,
Car 433,,,,,11,switch,,"Charger 11 (fid=6) not available, trying Charger 0 (fid=308440)",1105.615833021726,0,,
Car 470,,,,,19,switch,,"Charger 19 (fid=14) not available, trying Charger 18 (fid=13)",1105.75688566778,18,,
Car 423,,,,,15,switch,,"Charger 15 (fid=10) not available, trying Charger 2 (fid=307904)",1105.892896986023,2,,
Car 418,91.0,8,13,,,done,,done charging,1105.9930518600072,,,51.031920891441445
Car 457,,8,13,,,start_charge,,starting to charge at Charger 13 (fid=8),1105.9930518600072,,27.902011578755037,
Car 474,,,,,2,switch,,"Charger 2 (fid=307904) not available, trying Charger 3 (fid=307905)",1106.0810403773849,3,,
Car 411,,,,,3,switch,,"Charger 3 (fid=307905) not available, trying Charger 6 (fid=1)",1106.2077855829996,6,,
Car 422,56.0,15,20,,,done,,done charging,1106.2821274260073,,,324.16599375579847
Car 445,,15,20,,,start_charge,,starting to charge at Charger 20 (fid=15),1106.2821274260073,,43.257773189343425,
Car 450,,,,,3,switch,,"Charger 3 (fid=307905) not available, trying Charger 1 (fid=308702)",1106.3013638659486,1,,
Car 489,,,,,16,switch,,"Charger 16 (fid=11) not available, trying Charger 18 (fid=13)",1106.4104883135649,18,,
Car 442,,,,,1,switch,,"Charger 1 (fid=308702) not available, trying Charger 6 (fid=1)",1106.675323743919,6,,
Car 509,,,,,19,switch,,"Charger 19 (fid=14) not available, trying Charger 0 (fid=308440)",1106.856982403825,0,,
Car 412,,,,,7,switch,,"Charger 7 (fid=2) not available, trying Charger 4 (fid=308108)",1106.8986612992933,4,,
Car 490,,,,,0,switch,,"Charger 0 (fid=308440) not available, trying Charger 1 (fid=308702)",1107.0470895165417,1,,
Car 386,,,,,4,switch,,"Charger 4 (fid=308108) not available, trying Charger 20 (fid=15)",1107.1540783506762,20,,
Car 430,,,,,11,switch,,"Charger 11 (fid=6) not available, trying Charger 0 (fid=308440)",1107.2243657260344,0,,
Car 501,,,,,12,switch,,"Charger 12 (fid=7) not available, trying Charger 4 (fid=308108)",1107.283730745539,4,,
Car 484,,,,,15,switch,,"Charger 15 (fid=10) not available, trying Charger 14 (fid=9)",1107.2940605010283,14,,
Car 510,,,,8,,arrived,,arrived,1107.337537215684,,,
Car 502,,,,,0,switch,,"Charger 0 (fid=308440) not available, trying Charger 16 (fid=11)",1107.4086432065176,16,,
Car 405,,,,,3,switch,,"Charger 3 (fid=307905) not available, trying Charger 12 (fid=7)",1107.6552186130173,12,,
Car 431,,,,,11,switch,,"Charger 11 (fid=6) not available, trying Charger 0 (fid=308440)",1107.83433530058,0,,
Car 491,,,,,0,switch,,"Charger 0 (fid=308440) not available, trying Charger 19 (fid=14)",1108.237735397713,19,,
Car 472,,,,,2,switch,,"Charger 2 (fid=307904) not available, trying Charger 3 (fid=307905)",1108.4450343653857,3,,
Car 459,,,,,2,switch,,"Charger 2 (fid=307904) not available, trying Charger 3 (fid=307905)",1108.5237719378076,3,,
Car 462,,,,,16,switch,,"Charger 16 (fid=11) not available, trying Charger 19 (fid=14)",1108.7955124661466,19,,
Car 425,,,,,0,switch,,"Charger 0 (fid=308440) not available, trying Charger 6 (fid=1)",1108.9419655241568,6,,
Car 476,,,,,10,switch,,"Charger 10 (fid=4) not available, trying Charger 5 (fid=5)",1109.2017779247676,5,,
Car 406,,,,,3,switch,,"Charger 3 (fid=307905) not available, trying Charger 7 (fid=2)",1109.253515966085,7,,
Car 480,,,,,13,switch,,"Charger 13 (fid=8) not available, trying Charger 16 (fid=11)",1109.3028630430026,16,,
Car 477,,,,,2,switch,,"Charger 2 (fid=307904) not available, trying Charger 3 (fid=307905)",1109.3056336620764,3,,
Car 446,60.0,1,6,,,done,,done charging,1109.3401432539408,,,87.08299239818483
Car 467,,1,6,,,start_charge,,starting to charge at Charger 6 (fid=1),1109.3401432539408,,32.86891783813576,
Car 504,,,,,19,switch,,"Charger 19 (fid=14) not available, trying Charger 18 (fid=13)",1109.3906393227146,18,,
Car 503,,,,,18,switch,,"Charger 18 (fid=13) not available, trying Charger 5 (fid=5)",1109.4119996429354,5,,
Car 449,,,,,19,switch,,"Charger 19 (fid=14) not available, trying Charger 18 (fid=13)",1109.5268468445056,18,,
Car 471,,,,,16,switch,,"Charger 16 (fid=11) not available, trying Charger 2 (fid=307904)",1109.5456575645303,2,,
Car 396,66.0,12,17,,,done,,done charging,1109.7097002596402,,,312.7587431045227
Car 424,,12,17,,,start_charge,,starting to charge at Charger 17 (fid=12),1109.7097002596402,,54.358520717029705,
Car 464,,,,,4,switch,,"Charger 4 (fid=308108) not available, trying Charger 8 (fid=91)",1109.8785433095793,8,,
Car 494,,,,,16,switch,,"Charger 16 (fid=11) not available, trying Charger 18 (fid=13)",1109.8827276698532,18,,
Car 481,,,,,9,switch,,"Charger 9 (fid=3) not available, trying Charger 15 (fid=10)",1109.9147209784426,15,,
Car 511,,,,67,,arrived,,arrived,1109.9545069475444,,,
Car 473,,,,,2,switch,,"Charger 2 (fid=307904) not available, trying Charger 3 (fid=307905)",1109.9661855364768,3,,
Car 496,,,,,14,switch,,"Charger 14 (fid=9) not available, trying Charger 16 (fid=11)",1110.406657057295,16,,
Car 408,,,,,13,switch,,"Charger 13 (fid=8) not available, trying Charger 15 (fid=10)",1110.4145915181346,15,,
Car 388,,,,,15,switch,,"Charger 15 (fid=10) not available, trying Charger 7 (fid=2)",1110.534701935052,7,,
Car 485,,,,,7,switch,,"Charger 7 (fid=2) not available, trying Charger 2 (fid=307904)",1110.6032851083555,2,,
Car 488,,,,,12,switch,,"Charger 12 (fid=7) not available, trying Charger 2 (fid=307904)",1110.6198948285423,2,,
Car 456,,,,,19,switch,,"Charger 19 (fid=14) not available, trying Charger 1 (fid=308702)",1110.6437040031055,1,,
Car 512,,,,1,,arrived,,arrived,1110.6671959548962,,,
Car 492,,,,,11,switch,,"Charger 11 (fid=6) not available, trying Charger 16 (fid=11)",1110.7223683434797,16,,
Car 493,,,,,11,switch,,"Charger 11 (fid=6) not available, trying Charger 16 (fid=11)",1110.751071767803,16,,
Car 505,,,,,14,switch,,"Charger 14 (fid=9) not available, trying Charger 9 (fid=3)",1110.807376503421,9,,
Car 438,,,,,15,switch,,"Charger 15 (fid=10) not available, trying Charger 14 (fid=9)",1110.91299952332,14,,
Car 475,,,,,2,switch,,"Charger 2 (fid=307904) not available, trying Charger 3 (fid=307905)",1111.024288014208,3,,
Car 419,93.0,11,16,,,done,,done charging,1111.1526220783264,,,159.75838309821387
Car 498,,11,16,,,start_charge,,starting to charge at Charger 16 (fid=11),1111.1526220783264,,13.886159297577478,
Car 507,,,,,4,switch,,"Charger 4 (fid=308108) not available, trying Charger 12 (fid=7)",1111.291227078388,12,,
Car 474,,,,,3,switch,,"Charger 3 (fid=307905) not available, trying Charger 6 (fid=1)",1111.344666558949,6,,
Car 469,,,,,5,switch,,"Charger 5 (fid=5) not available, trying Charger 0 (fid=308440)",1111.4821312537629,0,,
Car 447,,,,,20,switch,,"Charger 20 (fid=15) not available, trying Charger 11 (fid=6)",1111.6653636556057,11,,
Car 407,,,,,17,switch,,"Charger 17 (fid=12) not available, trying Charger 12 (fid=7)",1111.765641169358,12,,
Car 506,,,,,13,switch,,"Charger 13 (fid=8) not available, trying Charger 5 (fid=5)",1111.9303458151671,5,,
Car 508,,,,,0,switch,,"Charger 0 (fid=308440) not available, trying Charger 16 (fid=11)",1112.0242288908705,16,,
Car 487,,,,,16,switch,,"Charger 16 (fid=11) not available, trying Charger 13 (fid=8)",1112.2763194210347,13,,
Car 448,,,,,2,switch,,"Charger 2 (fid=307904) not available, trying Charger 3 (fid=307905)",1112.2771870624342,3,,
Car 510,,,,,13,switch,,"Charger 13 (fid=8) not available, trying Charger 15 (fid=10)",1112.337537215684,15,,
Car 495,,,,,16,switch,,"Charger 16 (fid=11) not available, trying Charger 6 (fid=1)",1112.3739231655672,6,,
Car 411,,,,,6,switch,,"Charger 6 (fid=1) not available, trying Charger 17 (fid=12)",1112.413975975941,17,,
Car 499,,,,,16,switch,,"Charger 16 (fid=11) not available, trying Charger 11 (fid=6)",1112.4686294193236,11,,
Car 401,,,,,8,switch,,"Charger 8 (fid=91) not available, trying Charger 15 (fid=10)",1112.5015701494492,15,,
Car 478,,,,,2,switch,,"Charger 2 (fid=307904) not available, trying Charger 3 (fid=307905)",1112.6557610303469,3,,
Car 460,,,,,16,switch,,"Charger 16 (fid=11) not available, trying Charger 19 (fid=14)",1112.9452317481614,19,,
Car 458,,,,,19,switch,,"Charger 19 (fid=14) not available, trying Charger 1 (fid=308702)",1112.9460555969176,1,,
Car 486,,,,,20,switch,,"Charger 20 (fid=15) not available, trying Charger 12 (fid=7)",1113.1757447364134,12,,
Car 509,,,,,0,switch,,"Charger 0 (fid=308440) not available, trying Charger 11 (fid=6)",1113.45137686569,11,,
Car 412,,,,,4,switch,,"Charger 4 (fid=308108) not available, trying Charger 1 (fid=308702)",1113.5014456992526,1,,
Car 409,,,,,6,switch,,"Charger 6 (fid=1) not available, trying Charger 2 (fid=307904)",1113.6030894497223,2,,
Car 426,,,,,0,switch,,"Charger 0 (fid=308440) not available, trying Charger 6 (fid=1)",1113.6164328196014,6,,
Car 384,,,,,5,switch,,"Charger 5 (fid=5) not available, trying Charger 13 (fid=8)",1113.6952981726527,13,,
Car 472,,,,,3,switch,,"Charger 3 (fid=307905) not available, trying Charger 8 (fid=91)",1113.70866054695,8,,
Car 459,,,,,3,switch,,"Charger 3 (fid=307905) not available, trying Charger 1 (fid=308702)",1113.7873981193718,1,,
Car 484,,,,,14,switch,,"Charger 14 (fid=9) not available, trying Charger 1 (fid=308702)",1113.8289718572448,1,,
Car 501,,,,,4,switch,,"Charger 4 (fid=308108) not available, trying Charger 16 (fid=11)",1113.9460600809696,16,,
Car 497,,,,,14,switch,,"Charger 14 (fid=9) not available, trying Charger 9 (fid=3)",1113.949820259446,9,,
Car 470,,,,,18,switch,,"Charger 18 (fid=13) not available, trying Charger 13 (fid=8)",1113.9751977849635,13,,
Car 415,,,,,9,switch,,"Charger 9 (fid=3) not available, trying Charger 6 (fid=1)",1113.9837582393523,6,,
Car 513,,,,83,,arrived,,arrived,1114.0350712456964,,,
Car 500,,,,,14,switch,,"Charger 14 (fid=9) not available, trying Charger 16 (fid=11)",1114.191487259074,16,,
Car 477,,,,,3,switch,,"Charger 3 (fid=307905) not available, trying Charger 16 (fid=11)",1114.5692598436406,16,,
Car 433,,,,,0,switch,,"Charger 0 (fid=308440) not available, trying Charger 9 (fid=3)",1114.7843640105789,9,,
Car 491,,,,,19,switch,,"Charger 19 (fid=14) not available, trying Charger 16 (fid=11)",1114.8321298595781,16,,
Car 511,,,,,1,switch,,"Charger 1 (fid=308702) not available, trying Charger 16 (fid=11)",1114.9545069475444,16,,
Car 476,,,,,5,switch,,"Charger 5 (fid=5) not available, trying Charger 16 (fid=11)",1115.0901779731557,16,,
Car 490,,,,,1,switch,,"Charger 1 (fid=308702) not available, trying Charger 14 (fid=9)",1115.1575421439402,14,,
Car 473,,,,,3,switch,,"Charger 3 (fid=307905) not available, trying Charger 6 (fid=1)",1115.229811718041,6,,
Car 405,,,,,12,switch,,"Charger 12 (fid=7) not available, trying Charger 9 (fid=3)",1115.250747856528,9,,
Car 453,,,,,11,switch,,"Charger 11 (fid=6) not available, trying Charger 2 (fid=307904)",1115.2807930006447,2,,
Car 502,,,,,16,switch,,"Charger 16 (fid=11) not available, trying Charger 11 (fid=6)",1115.384493511162,11,,
Car 512,,,,,6,switch,,"Charger 6 (fid=1) not available, trying Charger 2 (fid=307904)",1115.6671959548962,2,,
Car 427,,,,,10,switch,,"Charger 10 (fid=4) not available, trying Charger 5 (fid=5)",1115.9543693153873,5,,
Car 489,,,,,18,switch,,"Charger 18 (fid=13) not available, trying Charger 11 (fid=6)",1116.0102562735276,11,,
Car 462,,,,,19,switch,,"Charger 19 (fid=14) not available, trying Charger 13 (fid=8)",1116.0254447030838,13,,
Car 444,,,,,6,switch,,"Charger 6 (fid=1) not available, trying Charger 2 (fid=307904)",1116.1691097356895,2,,
Car 475,,,,,3,switch,,"Charger 3 (fid=307905) not available, trying Charger 20 (fid=15)",1116.2879141957721,20,,
Car 463,,,,,18,switch,,"Charger 18 (fid=13) not available, trying Charger 6 (fid=1)",1116.2937620893777,6,,
Car 430,,,,,0,switch,,"Charger 0 (fid=308440) not available, trying Charger 9 (fid=3)",1116.3928967148872,9,,
Car 386,,,,,,gave_up,20,"no alternate charger available, gave up",1116.39437094281,,,
Car 514,,,,9,,arrived,,arrived,1116.4082751469832,,,
Car 361,70.0,3,9,,,done,,done charging,1116.6356606964696,,,507.1358079480998
Car 505,,3,9,,,start_charge,,starting to charge at Charger 9 (fid=3),1116.6356606964696,,11.74053089183326,
Car 408,,,,,15,switch,,"Charger 15 (fid=10) not available, trying Charger 12 (fid=7)",1116.7935765727257,12,,
Car 431,,,,,0,switch,,"Charger 0 (fid=308440) not available, trying Charger 9 (fid=3)",1117.0028662894329,9,,
Car 464,,,,,8,switch,,"Charger 8 (fid=91) not available, trying Charger 11 (fid=6)",1117.0889549926603,11,,
Car 515,,,,60,,arrived,,arrived,1117.2069727823878,,,
Car 438,,,,,14,switch,,"Charger 14 (fid=9) not available, trying Charger 11 (fid=6)",1117.4479108795365,11,,
Car 423,,,,,2,switch,,"Charger 2 (fid=307904) not available, trying Charger 3 (fid=307905)",1117.5293022642438,3,,
Car 448,,,,,3,switch,,"Charger 3 (fid=307905) not available, trying Charger 16 (fid=11)",1117.5408132439984,16,,
Car 474,,,,,6,switch,,"Charger 6 (fid=1) not available, trying Charger 17 (fid=12)",1117.5508569518904,17,,
Car 406,,,,,7,switch,,"Charger 7 (fid=2) not available, trying Charger 10 (fid=4)",1117.564957621735,10,,
Car 504,,,,,18,switch,,"Charger 18 (fid=13) not available, trying Charger 16 (fid=11)",1117.6089514398982,16,,
Car 516,,,,55,,arrived,,arrived,1117.6512166534465,,,
Car 480,,,,,16,switch,,"Charger 16 (fid=11) not available, trying Charger 11 (fid=6)",1117.7120133284986,11,,
Car 449,,,,,18,switch,,"Charger 18 (fid=13) not available, trying Charger 11 (fid=6)",1117.7451589616892,11,,
Car 450,,,,,1,switch,,"Charger 1 (fid=308702) not available, trying Charger 14 (fid=9)",1117.8054800757147,14,,
Car 492,,,,,16,switch,,"Charger 16 (fid=11) not available, trying Charger 2 (fid=307904)",1117.886764476933,2,,
Car 493,,,,,16,switch,,"Charger 16 (fid=11) not available, trying Charger 2 (fid=307904)",1117.9154679012563,2,,
Car 478,,,,,3,switch,,"Charger 3 (fid=307905) not available, trying Charger 6 (fid=1)",1117.919387211911,6,,
Car 496,,,,,16,switch,,"Charger 16 (fid=11) not available, trying Charger 13 (fid=8)",1117.9365796251277,13,,
Car 507,,,,,12,switch,,"Charger 12 (fid=7) not available, trying Charger 8 (fid=91)",1117.9535564138184,8,,
Car 488,,,,,2,switch,,"Charger 2 (fid=307904) not available, trying Charger 3 (fid=307905)",1118.1990872404324,3,,
Car 471,,,,,2,switch,,"Charger 2 (fid=307904) not available, trying Charger 3 (fid=307905)",1118.3641161898072,3,,
Car 442,,,,,6,switch,,"Charger 6 (fid=1) not available, trying Charger 17 (fid=12)",1118.5392535462038,17,,
Car 510,,,,,15,switch,,"Charger 15 (fid=10) not available, trying Charger 14 (fid=9)",1118.7165222702752,14,,
Car 485,,,,,2,switch,,"Charger 2 (fid=307904) not available, trying Charger 3 (fid=307905)",1118.8983899323848,3,,
Car 513,,,,,2,switch,,"Charger 2 (fid=307904) not available, trying Charger 3 (fid=307905)",1119.0350712456964,3,,
Car 411,,,,,17,switch,,"Charger 17 (fid=12) not available, trying Charger 12 (fid=7)",1119.1845623267309,12,,
Car 425,,,,,6,switch,,"Charger 6 (fid=1) not available, trying Charger 12 (fid=7)",1119.2210172344273,12,,
Car 494,,,,,18,switch,,"Charger 18 (fid=13) not available, trying Charger 1 (fid=308702)",1119.482495629816,1,,
Car 481,,,,,15,switch,,"Charger 15 (fid=10) not available, trying Charger 13 (fid=8)",1119.5147449007018,13,,
Car 499,,,,,11,switch,,"Charger 11 (fid=6) not available, trying Charger 2 (fid=307904)",1119.6330255527769,2,,
Car 517,,,,1,,arrived,,arrived,1119.6382481533722,,,
Car 456,,,,,1,switch,,"Charger 1 (fid=308702) not available, trying Charger 11 (fid=6)",1119.7452755283855,11,,
Car 503,,,,,5,switch,,"Charger 5 (fid=5) not available, trying Charger 10 (fid=4)",1119.785267715823,10,,
Car 409,,,,,2,switch,,"Charger 2 (fid=307904) not available, trying Charger 3 (fid=307905)",1119.792943011043,3,,
Car 506,,,,,5,switch,,"Charger 5 (fid=5) not available, trying Charger 15 (fid=10)",1119.8657137547868,15,,
Car 407,,,,,12,switch,,"Charger 12 (fid=7) not available, trying Charger 9 (fid=3)",1119.9255663707174,9,,
Car 508,,,,,16,switch,,"Charger 16 (fid=11) not available, trying Charger 18 (fid=13)",1120.000079195515,18,,
Car 518,,,,37,,arrived,,arrived,1120.125395901257,,,
Car 460,,,,,19,switch,,"Charger 19 (fid=14) not available, trying Charger 18 (fid=13)",1120.1751639850986,18,,
Car 404,116.0,14,19,,,done,,done charging,1120.6792363672964,,,141.51289052724235
Car 516,,14,19,,,start_charge,,starting to charge at Charger 19 (fid=14),1120.6792363672964,,3.0280197138499716,
Car 487,,,,,13,switch,,"Charger 13 (fid=8) not available, trying Charger 1 (fid=308702)",1120.6854697065307,1,,
Car 519,,,,73,,arrived,,arrived,1121.0470680622964,,,
Car 495,,,,,6,switch,,"Charger 6 (fid=1) not available, trying Charger 20 (fid=15)",1121.131558145884,20,,
Car 514,,,,,14,switch,,"Charger 14 (fid=9) not available, trying Charger 13 (fid=8)",1121.4082751469832,13,,
Car 473,,,,,6,switch,,"Charger 6 (fid=1) not available, trying Charger 17 (fid=12)",1121.4360021109824,17,,
Car 384,,,,,13,switch,,"Charger 13 (fid=8) not available, trying Charger 4 (fid=308108)",1121.6306661122724,4,,
Car 472,,,,,8,switch,,"Charger 8 (fid=91) not available, trying Charger 17 (fid=12)",1121.636641926863,17,,
Car 500,,,,,16,switch,,"Charger 16 (fid=11) not available, trying Charger 13 (fid=8)",1121.7214098269067,13,,
Car 427,,,,,5,switch,,"Charger 5 (fid=5) not available, trying Charger 0 (fid=308440)",1121.8427693637755,0,,
Car 512,,,,,2,switch,,"Charger 2 (fid=307904) not available, trying Charger 3 (fid=307905)",1121.8570495162169,3,,
Car 469,,,,,0,switch,,"Charger 0 (fid=308440) not available, trying Charger 14 (fid=9)",1122.03931456423,14,,
Car 458,,,,,1,switch,,"Charger 1 (fid=308702) not available, trying Charger 11 (fid=6)",1122.0476271221976,11,,
Car 491,,,,,16,switch,,"Charger 16 (fid=11) not available, trying Charger 10 (fid=4)",1122.0620620965153,10,,
Car 515,,,,,16,switch,,"Charger 16 (fid=11) not available, trying Charger 11 (fid=6)",1122.2069727823878,11,,
Car 486,,,,,12,switch,,"Charger 12 (fid=7) not available, trying Charger 6 (fid=1)",1122.2700922004826,6,,
Car 444,,,,,2,switch,,"Charger 2 (fid=307904) not available, trying Charger 3 (fid=307905)",1122.3589632970102,3,,
Car 447,,,,,11,switch,,"Charger 11 (fid=6) not available, trying Charger 19 (fid=14)",1122.3938024568954,19,,
Car 414,50.0,4,10,,,done,,done charging,1122.4496088197789,,,323.16965865424334
Car 518,,4,10,,,start_charge,,starting to charge at Charger 10 (fid=4),1122.4496088197789,,2.32421291852188,
Car 502,,,,,11,switch,,"Charger 11 (fid=6) not available, trying Charger 18 (fid=13)",1122.5488896446152,18,,
Car 509,,,,,11,switch,,"Charger 11 (fid=6) not available, trying Charger 16 (fid=11)",1122.6199078545428,16,,
Car 351,112.0,91,8,,,done,,done charging,1122.70142532864,,,591.4208971904337
Car 507,,91,8,,,start_charge,,starting to charge at Charger 8 (fid=91),1122.70142532864,,16.956021166245137,
Car 423,,,,,3,switch,,"Charger 3 (fid=307905) not available, trying Charger 6 (fid=1)",1122.792928445808,6,,
Car 388,,,,,7,switch,,"Charger 7 (fid=2) not available, trying Charger 4 (fid=308108)",1122.9049019604317,4,,
Car 497,,,,,9,switch,,"Charger 9 (fid=3) not available, trying Charger 15 (fid=10)",1123.0375735606613,15,,
Car 520,,,,29,,arrived,,arrived,1123.0969372750533,,,
Car 477,,,,,16,switch,,"Charger 16 (fid=11) not available, trying Charger 9 (fid=3)",1123.4040553005384,9,,
Car 455,62.0,308702,1,,,done,,done charging,1123.4121475123934,,,146.74188595030165
Car 484,,308702,1,,,start_charge,,starting to charge at Charger 1 (fid=308702),1123.4121475123934,,29.661923919862375,
Car 488,,,,,3,switch,,"Charger 3 (fid=307905) not available, trying Charger 6 (fid=1)",1123.4627134219966,6,,
Car 453,,,,,2,switch,,"Charger 2 (fid=307904) not available, trying Charger 3 (fid=307905)",1123.6054772391042,3,,
Car 471,,,,,3,switch,,"Charger 3 (fid=307905) not available, trying Charger 1 (fid=308702)",1123.6277423713714,1,,
Car 476,,,,,16,switch,,"Charger 16 (fid=11) not available, trying Charger 13 (fid=8)",1123.7482058786306,13,,
Car 441,75.0,6,11,,,done,,done charging,1123.754474270916,,,195.36359262615366
Car 480,,6,11,,,start_charge,,starting to charge at Charger 11 (fid=6),1123.754474270916,,28.878064808964155,
Car 426,,,,,6,switch,,"Charger 6 (fid=1) not available, trying Charger 12 (fid=7)",1123.895484529872,12,,
Car 511,,,,,16,switch,,"Charger 16 (fid=11) not available, trying Charger 10 (fid=4)",1123.9669743393883,10,,
Car 501,,,,,16,switch,,"Charger 16 (fid=11) not available, trying Charger 2 (fid=307904)",1124.0678297844113,2,,
Car 478,,,,,6,switch,,"Charger 6 (fid=1) not available, trying Charger 17 (fid=12)",1124.1255776048524,17,,
Car 485,,,,,3,switch,,"Charger 3 (fid=307905) not available, trying Charger 8 (fid=91)",1124.162016113949,8,,
Car 513,,,,,3,switch,,"Charger 3 (fid=307905) not available, trying Charger 6 (fid=1)",1124.2986974272605,6,,
Car 474,,,,,17,switch,,"Charger 17 (fid=12) not available, trying Charger 20 (fid=15)",1124.3214433026803,20,,
Car 517,,,,,6,switch,,"Charger 6 (fid=1) not available, trying Charger 2 (fid=307904)",1124.6382481533722,2,,
Car 415,,,,,6,switch,,"Charger 6 (fid=1) not available, trying Charger 2 (fid=307904)",1124.8177243890725,2,,
Car 409,,,,,3,switch,,"Charger 3 (fid=307905) not available, trying Charger 12 (fid=7)",1125.0565691926072,12,,
Car 490,,,,,14,switch,,"Charger 14 (fid=9) not available, trying Charger 11 (fid=6)",1125.0787938792264,11,,
Car 510,,,,,14,switch,,"Charger 14 (fid=9) not available, trying Charger 10 (fid=4)",1125.2514336264917,10,,
Car 459,,,,,1,switch,,"Charger 1 (fid=308702) not available, trying Charger 6 (fid=1)",1125.291514329138,6,,
Car 442,,,,,17,switch,,"Charger 17 (fid=12) not available, trying Charger 14 (fid=9)",1125.3098398969937,14,,
Car 401,,,,,15,switch,,"Charger 15 (fid=10) not available, trying Charger 13 (fid=8)",1125.4793974579509,13,,
Car 521,,,,88,,arrived,,arrived,1125.4967296031612,,,
Car 470,,,,,13,switch,,"Charger 13 (fid=8) not available, trying Charger 0 (fid=308440)",1125.6425064244193,0,,
Car 503,,,,,10,switch,,"Charger 10 (fid=4) not available, trying Charger 0 (fid=308440)",1125.6736677642111,0,,
Car 462,,,,,13,switch,,"Charger 13 (fid=8) not available, trying Charger 15 (fid=10)",1125.8691629161392,15,,
Car 481,,,,,13,switch,,"Charger 13 (fid=8) not available, trying Charger 19 (fid=14)",1125.8937299552929,19,,
Car 522,,,,32,,arrived,,arrived,1125.9999940400871,,,
Car 405,,,,,9,switch,,"Charger 9 (fid=3) not available, trying Charger 17 (fid=12)",1126.024505392934,17,,
Car 519,,,,,14,switch,,"Charger 14 (fid=9) not available, trying Charger 16 (fid=11)",1126.0470680622964,16,,
Car 425,,,,,12,switch,,"Charger 12 (fid=7) not available, trying Charger 18 (fid=13)",1126.1454561226453,18,,
Car 496,,,,,13,switch,,"Charger 13 (fid=8) not available, trying Charger 1 (fid=308702)",1126.3457299106237,1,,
Car 448,,,,,16,switch,,"Charger 16 (fid=11) not available, trying Charger 11 (fid=6)",1126.3756087008962,11,,
Car 475,,,,,20,switch,,"Charger 20 (fid=15) not available, trying Charger 14 (fid=9)",1126.592048344024,14,,
Car 433,,,,,9,switch,,"Charger 9 (fid=3) not available, trying Charger 6 (fid=1)",1126.6078166782686,6,,
Car 494,,,,,1,switch,,"Charger 1 (fid=308702) not available, trying Charger 14 (fid=9)",1126.6656865676764,14,,
Car 492,,,,,2,switch,,"Charger 2 (fid=307904) not available, trying Charger 3 (fid=307905)",1126.7052231022099,3,,
Car 493,,,,,2,switch,,"Charger 2 (fid=307904) not available, trying Charger 3 (fid=307905)",1126.7339265265332,3,,
Car 489,,,,,11,switch,,"Charger 11 (fid=6) not available, trying Charger 1 (fid=308702)",1126.8146686827954,1,,
Car 438,,,,,11,switch,,"Charger 11 (fid=6) not available, trying Charger 2 (fid=307904)",1126.863843877087,2,,
Car 412,,,,,1,switch,,"Charger 1 (fid=308702) not available, trying Charger 20 (fid=15)",1126.8995218295,20,,
Car 512,,,,,3,switch,,"Charger 3 (fid=307905) not available, trying Charger 17 (fid=12)",1127.120675697781,17,,
Car 504,,,,,16,switch,,"Charger 16 (fid=11) not available, trying Charger 1 (fid=308702)",1127.208719399861,1,,
Car 411,,,,,12,switch,,"Charger 12 (fid=7) not available, trying Charger 9 (fid=3)",1127.3444875280902,9,,
Car 444,,,,,3,switch,,"Charger 3 (fid=307905) not available, trying Charger 10 (fid=4)",1127.6225894785744,10,,
Car 450,,,,,14,switch,,"Charger 14 (fid=9) not available, trying Charger 6 (fid=1)",1127.726731811001,6,,
Car 429,97.0,308440,0,,,done,,done charging,1127.7468422087732,,,170.52989220743032
Car 427,,308440,0,,,start_charge,,starting to charge at Charger 0 (fid=308440),1127.7468422087732,,60.34688953453076,
Car 514,,,,,13,switch,,"Charger 13 (fid=8) not available, trying Charger 15 (fid=10)",1127.82817967021,15,,
Car 464,,,,,11,switch,,"Charger 11 (fid=6) not available, trying Charger 16 (fid=11)",1127.8343677825897,16,,
Car 408,,,,,12,switch,,"Charger 12 (fid=7) not available, trying Charger 9 (fid=3)",1127.9540779281315,9,,
Car 499,,,,,2,switch,,"Charger 2 (fid=307904) not available, trying Charger 3 (fid=307905)",1127.9577097912363,3,,
Car 520,,,,,1,switch,,"Charger 1 (fid=308702) not available, trying Charger 18 (fid=13)",1128.0969372750533,18,,
Car 473,,,,,17,switch,,"Charger 17 (fid=12) not available, trying Charger 18 (fid=13)",1128.2065884617723,18,,
Car 430,,,,,9,switch,,"Charger 9 (fid=3) not available, trying Charger 6 (fid=1)",1128.216349382577,6,,
Car 463,,,,,6,switch,,"Charger 6 (fid=1) not available, trying Charger 17 (fid=12)",1128.287288530312,17,,
Car 460,,,,,18,switch,,"Charger 18 (fid=13) not available, trying Charger 11 (fid=6)",1128.3934761022822,11,,
Car 449,,,,,11,switch,,"Charger 11 (fid=6) not available, trying Charger 0 (fid=308440)",1128.549571370957,0,,
Car 506,,,,,15,switch,,"Charger 15 (fid=10) not available, trying Charger 14 (fid=9)",1128.5674386470596,14,,
Car 391,65.0,7,12,,,done,,done charging,1128.6407376929485,,,417.4883990806233
Car 426,,7,12,,,start_charge,,starting to charge at Charger 12 (fid=7),1128.6407376929485,,62.82081427485855,
Car 431,,,,,9,switch,,"Charger 9 (fid=3) not available, trying Charger 6 (fid=1)",1128.8263189571226,6,,
Car 453,,,,,3,switch,,"Charger 3 (fid=307905) not available, trying Charger 13 (fid=8)",1128.8691034206684,13,,
Car 423,,,,,6,switch,,"Charger 6 (fid=1) not available, trying Charger 17 (fid=12)",1128.9991188387494,17,,
Car 486,,,,,6,switch,,"Charger 6 (fid=1) not available, trying Charger 2 (fid=307904)",1129.1945310887006,2,,
Car 515,,,,,11,switch,,"Charger 11 (fid=6) not available, trying Charger 14 (fid=9)",1129.371368915841,14,,
Car 388,,,,,4,switch,,"Charger 4 (fid=308108) not available, trying Charger 20 (fid=15)",1129.507686360391,20,,
Car 508,,,,,18,switch,,"Charger 18 (fid=13) not available, trying Charger 1 (fid=308702)",1129.5998471554776,1,,
Car 488,,,,,6,switch,,"Charger 6 (fid=1) not available, trying Charger 17 (fid=12)",1129.668903814938,17,,
Car 509,,,,,16,switch,,"Charger 16 (fid=11) not available, trying Charger 2 (fid=307904)",1129.784303987996,2,,
Car 456,,,,,11,switch,,"Charger 11 (fid=6) not available, trying Charger 0 (fid=308440)",1129.9623873695343,0,,
Car 472,,,,,17,switch,,"Charger 17 (fid=12) not available, trying Charger 11 (fid=6)",1130.1290192646247,11,,
Car 500,,,,,13,switch,,"Charger 13 (fid=8) not available, trying Charger 1 (fid=308702)",1130.1305601124027,1,,
Car 521,,,,,8,switch,,"Charger 8 (fid=91) not available, trying Charger 7 (fid=2)",1130.4967296031612,7,,
Car 513,,,,,6,switch,,"Charger 6 (fid=1) not available, trying Charger 17 (fid=12)",1130.504887820202,17,,
Car 491,,,,,10,switch,,"Charger 10 (fid=4) not available, trying Charger 5 (fid=5)",1130.5140924349869,5,,
Car 523,,,,28,,arrived,,arrived,1130.5144645614453,,,
Car 487,,,,,1,switch,,"Charger 1 (fid=308702) not available, trying Charger 15 (fid=10)",1130.5346236305188,15,,
Car 524,,,,37,,arrived,,arrived,1130.5948327907884,,,
Car 447,,,,,19,switch,,"Charger 19 (fid=14) not available, trying Charger 16 (fid=11)",1130.6046192106814,16,,
Car 407,,,,,9,switch,,"Charger 9 (fid=3) not available, trying Charger 7 (fid=2)",1130.6993239071235,7,,
Car 495,,,,,20,switch,,"Charger 20 (fid=15) not available, trying Charger 15 (fid=10)",1130.7646019388433,15,,
Car 525,,,,25,,arrived,,arrived,1130.8073843986808,,,
Car 517,,,,,2,switch,,"Charger 2 (fid=307904) not available, trying Charger 3 (fid=307905)",1130.8281017146928,3,,
Car 406,,,,,10,switch,,"Charger 10 (fid=4) not available, trying Charger 5 (fid=5)",1130.8518388552143,5,,
Car 478,,,,,17,switch,,"Charger 17 (fid=12) not available, trying Charger 18 (fid=13)",1130.8961639556424,18,,
Car 522,,,,,1,switch,,"Charger 1 (fid=308702) not available, trying Charger 18 (fid=13)",1130.9999940400871,18,,
Car 415,,,,,2,switch,,"Charger 2 (fid=307904) not available, trying Charger 3 (fid=307905)",1131.0075779503932,3,,
Car 469,,,,,14,switch,,"Charger 14 (fid=9) not available, trying Charger 11 (fid=6)",1131.8569286662082,11,,
Car 401,,,,,13,switch,,"Charger 13 (fid=8) not available, trying Charger 10 (fid=4)",1131.858382512542,10,,
Car 492,,,,,3,switch,,"Charger 3 (fid=307905) not available, trying Charger 6 (fid=1)",1131.968849283774,6,,
Car 493,,,,,3,switch,,"Charger 3 (fid=307905) not available, trying Charger 6 (fid=1)",1131.9975527080974,6,,
Car 485,,,,,8,switch,,"Charger 8 (fid=91) not available, trying Charger 17 (fid=12)",1132.089997493862,17,,
Car 476,,,,,13,switch,,"Charger 13 (fid=8) not available, trying Charger 14 (fid=9)",1132.1573561641267,14,,
Car 428,89.0,12,17,,,done,,done charging,1132.2170634217978,,,365.6286740380611
Car 512,,12,17,,,start_charge,,starting to charge at Charger 17 (fid=12),1132.2170634217978,,18.86071407736995,
Car 462,,,,,15,switch,,"Charger 15 (fid=10) not available, trying Charger 14 (fid=9)",1132.2481479707303,14,,
Car 458,,,,,11,switch,,"Charger 11 (fid=6) not available, trying Charger 0 (fid=308440)",1132.2647389633464,0,,
Car 511,,,,,10,switch,,"Charger 10 (fid=4) not available, trying Charger 19 (fid=14)",1132.41900467786,19,,
Car 477,,,,,9,switch,,"Charger 9 (fid=3) not available, trying Charger 7 (fid=2)",1132.5143858091976,7,,
Car 497,,,,,15,switch,,"Charger 15 (fid=10) not available, trying Charger 19 (fid=14)",1132.6375974829205,19,,
Car 409,,,,,12,switch,,"Charger 12 (fid=7) not available, trying Charger 4 (fid=308108)",1132.652098436118,4,,
Car 501,,,,,2,switch,,"Charger 2 (fid=307904) not available, trying Charger 3 (fid=307905)",1132.8862884096882,3,,
Car 499,,,,,3,switch,,"Charger 3 (fid=307905) not available, trying Charger 18 (fid=13)",1133.2213359728005,18,,
Car 384,,,,,4,switch,,"Charger 4 (fid=308108) not available, trying Charger 20 (fid=15)",1133.3053798654803,20,,
Car 502,,,,,18,switch,,"Charger 18 (fid=13) not available, trying Charger 2 (fid=307904)",1133.353302053883,2,,
Car 526,,,,73,,arrived,,arrived,1133.4332172462903,,,
Car 510,,,,,10,switch,,"Charger 10 (fid=4) not available, trying Charger 5 (fid=5)",1133.5240148671528,5,,
Car 448,,,,,11,switch,,"Charger 11 (fid=6) not available, trying Charger 17 (fid=12)",1133.5400048343495,17,,
Car 519,,,,,16,switch,,"Charger 16 (fid=11) not available, trying Charger 10 (fid=4)",1133.576990630129,10,,
Car 514,,,,,15,switch,,"Charger 15 (fid=10) not available, trying Charger 16 (fid=11)",1134.207164724801,16,,
Car 527,,,,27,,arrived,,arrived,1134.2137050309327,,,
Car 439,81.0,9,14,,,done,,done charging,1134.2410089761454,,,127.85811597283961
Car 506,,9,14,,,start_charge,,starting to charge at Charger 14 (fid=9),1134.2410089761454,,24.13865897286928,
Car 528,,,,10,,arrived,,arrived,1134.4210766611684,,,
Car 490,,,,,11,switch,,"Charger 11 (fid=6) not available, trying Charger 10 (fid=4)",1134.494726876777,10,,
Car 529,,,,80,,arrived,,arrived,1134.8702232427188,,,
Car 464,,,,,16,switch,,"Charger 16 (fid=11) not available, trying Charger 19 (fid=14)",1134.998763916043,19,,
Car 463,,,,,17,switch,,"Charger 17 (fid=12) not available, trying Charger 1 (fid=308702)",1135.057874881102,1,,
Car 471,,,,,1,switch,,"Charger 1 (fid=308702) not available, trying Charger 6 (fid=1)",1135.1318585811375,6,,
Car 438,,,,,2,switch,,"Charger 2 (fid=307904) not available, trying Charger 3 (fid=307905)",1135.1885281155464,3,,
Car 474,,,,,20,switch,,"Charger 20 (fid=15) not available, trying Charger 11 (fid=6)",1135.189973408781,11,,
Car 520,,,,,18,switch,,"Charger 18 (fid=13) not available, trying Charger 0 (fid=308440)",1135.2801282129137,0,,
Car 486,,,,,2,switch,,"Charger 2 (fid=307904) not available, trying Charger 3 (fid=307905)",1135.3843846500213,3,,
Car 523,,,,,1,switch,,"Charger 1 (fid=308702) not available, trying Charger 18 (fid=13)",1135.5144645614453,18,,
Car 524,,,,,10,switch,,"Charger 10 (fid=4) not available, trying Charger 5 (fid=5)",1135.5948327907884,5,,
Car 481,,,,,19,switch,,"Charger 19 (fid=14) not available, trying Charger 6 (fid=1)",1135.7374481683482,6,,
Car 423,,,,,17,switch,,"Charger 17 (fid=12) not available, trying Charger 12 (fid=7)",1135.7697051895393,12,,
Car 525,,,,,1,switch,,"Charger 1 (fid=308702) not available, trying Charger 5 (fid=5)",1135.8073843986808,5,,
Car 530,,,,54,,arrived,,arrived,1135.9837801398041,,,
Car 503,,,,,0,switch,,"Charger 0 (fid=308440) not available, trying Charger 19 (fid=14)",1136.0248535076748,19,,
Car 517,,,,,3,switch,,"Charger 3 (fid=307905) not available, trying Charger 17 (fid=12)",1136.091727896257,17,,
Car 496,,,,,1,switch,,"Charger 1 (fid=308702) not available, trying Charger 15 (fid=10)",1136.1948838346118,15,,
Car 504,,,,,1,switch,,"Charger 1 (fid=308702) not available, trying Charger 11 (fid=6)",1136.221186791705,11,,
Car 470,,,,,0,switch,,"Charger 0 (fid=308440) not available, trying Charger 14 (fid=9)",1136.2321427051818,14,,
Car 415,,,,,3,switch,,"Charger 3 (fid=307905) not available, trying Charger 12 (fid=7)",1136.2712041319573,12,,
Car 491,,,,,5,switch,,"Charger 5 (fid=5) not available, trying Charger 11 (fid=6)",1136.402492483375,11,,
Car 488,,,,,17,switch,,"Charger 17 (fid=12) not available, trying Charger 20 (fid=15)",1136.4394901657279,20,,
Car 494,,,,,14,switch,,"Charger 14 (fid=9) not available, trying Charger 11 (fid=6)",1136.5869383029626,11,,
Car 406,,,,,5,switch,,"Charger 5 (fid=5) not available, trying Charger 0 (fid=308440)",1136.7402389036024,0,,
Car 508,,,,,1,switch,,"Charger 1 (fid=308702) not available, trying Charger 14 (fid=9)",1136.783038093338,14,,
Car 442,,,,,14,switch,,"Charger 14 (fid=9) not available, trying Charger 12 (fid=7)",1137.024637871391,12,,
Car 489,,,,,1,switch,,"Charger 1 (fid=308702) not available, trying Charger 2 (fid=307904)",1137.0317805239442,2,,
Car 531,,,,37,,arrived,,arrived,1137.08617247368,,,
Car 459,,,,,6,switch,,"Charger 6 (fid=1) not available, trying Charger 17 (fid=12)",1137.1554441314227,17,,
Car 513,,,,,17,switch,,"Charger 17 (fid=12) not available, trying Charger 0 (fid=308440)",1137.2754741709919,0,,
Car 521,,,,,7,switch,,"Charger 7 (fid=2) not available, trying Charger 4 (fid=308108)",1137.3237207901898,4,,
Car 532,,,,78,,arrived,,arrived,1137.36533405786,,,
Car 433,,,,,6,switch,,"Charger 6 (fid=1) not available, trying Charger 2 (fid=307904)",1137.4417828279888,2,,
Car 449,,,,,0,switch,,"Charger 0 (fid=308440) not available, trying Charger 9 (fid=3)",1137.7181023598098,9,,
Car 475,,,,,14,switch,,"Charger 14 (fid=9) not available, trying Charger 11 (fid=6)",1137.761086153433,11,,
Car 447,,,,,16,switch,,"Charger 16 (fid=11) not available, trying Charger 0 (fid=308440)",1137.8345514476187,0,,
Car 405,,,,,17,switch,,"Charger 17 (fid=12) not available, trying Charger 7 (fid=2)",1138.0939578557957,7,,
Car 411,,,,,9,switch,,"Charger 9 (fid=3) not available, trying Charger 7 (fid=2)",1138.1182450644963,7,,
Car 501,,,,,3,switch,,"Charger 3 (fid=307905) not available, trying Charger 20 (fid=15)",1138.1499145912524,20,,
Car 492,,,,,6,switch,,"Charger 6 (fid=1) not available, trying Charger 17 (fid=12)",1138.1750396767154,17,,
Car 522,,,,,18,switch,,"Charger 18 (fid=13) not available, trying Charger 0 (fid=308440)",1138.1831849779476,0,,
Car 452,78.0,14,19,,,done,,done charging,1138.1867303079848,,,147.18728932593524
Car 529,,14,19,,,start_charge,,starting to charge at Charger 19 (fid=14),1138.1867303079848,,3.3165070652660233,
Car 493,,,,,6,switch,,"Charger 6 (fid=1) not available, trying Charger 17 (fid=12)",1138.2037431010388,17,,
Car 450,,,,,6,switch,,"Charger 6 (fid=1) not available, trying Charger 17 (fid=12)",1138.2060434722569,17,,
Car 533,,,,30,,arrived,,arrived,1138.2836724740712,,,
Car 526,,,,,14,switch,,"Charger 14 (fid=9) not available, trying Charger 16 (fid=11)",1138.4332172462903,16,,
Car 476,,,,,14,switch,,"Charger 14 (fid=9) not available, trying Charger 11 (fid=6)",1138.5772606873534,11,,
Car 509,,,,,2,switch,,"Charger 2 (fid=307904) not available, trying Charger 3 (fid=307905)",1138.602762613273,3,,
Car 534,,,,9,,arrived,,arrived,1138.717992571952,,,
Car 408,,,,,9,switch,,"Charger 9 (fid=3) not available, trying Charger 8 (fid=91)",1138.7278354645375,8,,
Car 388,,,,,,gave_up,20,"no alternate charger available, gave up",1138.7479789525248,,,
Car 462,,,,,14,switch,,"Charger 14 (fid=9) not available, trying Charger 11 (fid=6)",1138.7830593269468,11,,
Car 515,,,,,14,switch,,"Charger 14 (fid=9) not available, trying Charger 9 (fid=3)",1138.7873019133915,9,,
Car 535,,,,73,,arrived,,arrived,1138.9754005238597,,,
Car 430,,,,,6,switch,,"Charger 6 (fid=1) not available, trying Charger 2 (fid=307904)",1139.0503155322972,2,,
Car 456,,,,,0,switch,,"Charger 0 (fid=308440) not available, trying Charger 9 (fid=3)",1139.1309183583871,9,,
Car 536,,,,65,,arrived,,arrived,1139.1809274772904,,,
Car 460,,,,,11,switch,,"Charger 11 (fid=6) not available, trying Charger 0 (fid=308440)",1139.19788851155,0,,
Car 425,,,,,18,switch,,"Charger 18 (fid=13) not available, trying Charger 4 (fid=308108)",1139.20389221827,4,,
Car 527,,,,,1,switch,,"Charger 1 (fid=308702) not available, trying Charger 18 (fid=13)",1139.2137050309327,18,,
Car 409,,,,,4,switch,,"Charger 4 (fid=308108) not available, trying Charger 17 (fid=12)",1139.3144277715485,17,,
Car 401,,,,,10,switch,,"Charger 10 (fid=4) not available, trying Charger 1 (fid=308702)",1139.3236873319145,1,,
Car 537,,,,8,,arrived,,arrived,1139.4065573047203,,,
Car 510,,,,,5,switch,,"Charger 5 (fid=5) not available, trying Charger 16 (fid=11)",1139.412414915541,16,,
Car 538,,,,73,,arrived,,arrived,1139.4184976236827,,,
Car 528,,,,,15,switch,,"Charger 15 (fid=10) not available, trying Charger 13 (fid=8)",1139.4210766611684,13,,
Car 472,,,,,11,switch,,"Charger 11 (fid=6) not available, trying Charger 20 (fid=15)",1139.4257509681668,20,,
Car 444,,,,,10,switch,,"Charger 10 (fid=4) not available, trying Charger 5 (fid=5)",1139.596235583493,5,,
Car 431,,,,,6,switch,,"Charger 6 (fid=1) not available, trying Charger 2 (fid=307904)",1139.6602851068428,2,,
Car 500,,,,,1,switch,,"Charger 1 (fid=308702) not available, trying Charger 15 (fid=10)",1139.9797140363908,15,,
Car 473,,,,,18,switch,,"Charger 18 (fid=13) not available, trying Charger 14 (fid=9)",1140.229598156412,14,,
Car 438,,,,,3,switch,,"Charger 3 (fid=307905) not available, trying Charger 6 (fid=1)",1140.4521542971106,6,,
Car 485,,,,,17,switch,,"Charger 17 (fid=12) not available, trying Charger 11 (fid=6)",1140.5823748316238,11,,
Car 486,,,,,3,switch,,"Charger 3 (fid=307905) not available, trying Charger 9 (fid=3)",1140.6480108315855,9,,
Car 453,,,,,13,switch,,"Charger 13 (fid=8) not available, trying Charger 14 (fid=9)",1140.8351074526702,14,,
Car 530,,,,,19,switch,,"Charger 19 (fid=14) not available, trying Charger 16 (fid=11)",1140.9837801398041,16,,
Car 399,69.0,5,5,,,done,,done charging,1141.043437283689,,,346.26950652855066
Car 524,,5,5,,,start_charge,,starting to charge at Charger 5 (fid=5),1141.043437283689,,9.560204444512465,
Car 487,,,,,15,switch,,"Charger 15 (fid=10) not available, trying Charger 19 (fid=14)",1141.15013450716,19,,
Car 412,,,,,20,switch,,"Charger 20 (fid=15) not available, trying Charger 14 (fid=9)",1141.160899622438,14,,
Car 469,,,,,11,switch,,"Charger 11 (fid=6) not available, trying Charger 18 (fid=13)",1141.2728616637587,18,,
Car 458,,,,,0,switch,,"Charger 0 (fid=308440) not available, trying Charger 9 (fid=3)",1141.4332699521992,9,,
Car 539,,,,61,,arrived,,arrived,1141.61730637451,,,
Car 511,,,,,19,switch,,"Charger 19 (fid=14) not available, trying Charger 5 (fid=5)",1142.0242723536164,5,,
Car 519,,,,,10,switch,,"Charger 10 (fid=4) not available, trying Charger 5 (fid=5)",1142.0290209686007,5,,
Car 531,,,,,10,switch,,"Charger 10 (fid=4) not available, trying Charger 5 (fid=5)",1142.08617247368,5,,
Car 407,,,,,7,switch,,"Charger 7 (fid=2) not available, trying Charger 4 (fid=308108)",1142.2091100339003,4,,
Car 464,,,,,19,switch,,"Charger 19 (fid=14) not available, trying Charger 20 (fid=15)",1142.22869615298,20,,
Car 540,,,,14,,arrived,,arrived,1142.2729178583165,,,
Car 517,,,,,17,switch,,"Charger 17 (fid=12) not available, trying Charger 12 (fid=7)",1142.3274015429038,12,,
Car 532,,,,,15,switch,,"Charger 15 (fid=10) not available, trying Charger 14 (fid=9)",1142.36533405786,14,,
Car 495,,,,,15,switch,,"Charger 15 (fid=10) not available, trying Charger 12 (fid=7)",1142.4482156713418,12,,
Car 541,,,,5,,arrived,,arrived,1142.4813186901802,,,
Car 520,,,,,0,switch,,"Charger 0 (fid=308440) not available, trying Charger 19 (fid=14)",1142.5073214322158,19,,
Car 514,,,,,16,switch,,"Charger 16 (fid=11) not available, trying Charger 10 (fid=4)",1142.5153824142624,10,,
Car 384,,,,,,gave_up,20,"no alternate charger available, gave up",1142.545672457614,,,
Car 497,,,,,19,switch,,"Charger 19 (fid=14) not available, trying Charger 13 (fid=8)",1142.5963225289656,13,,
Car 503,,,,,19,switch,,"Charger 19 (fid=14) not available, trying Charger 16 (fid=11)",1142.6192479695399,16,,
Car 523,,,,,18,switch,,"Charger 18 (fid=13) not available, trying Charger 5 (fid=5)",1142.6976554993057,5,,
Car 448,,,,,17,switch,,"Charger 17 (fid=12) not available, trying Charger 14 (fid=9)",1142.8367365378915,14,,
Car 478,,,,,18,switch,,"Charger 18 (fid=13) not available, trying Charger 1 (fid=308702)",1142.9191736502821,1,,
Car 533,,,,,19,switch,,"Charger 19 (fid=14) not available, trying Charger 0 (fid=308440)",1143.2836724740712,0,,
Car 433,,,,,2,switch,,"Charger 2 (fid=307904) not available, trying Charger 3 (fid=307905)",1143.6316363893095,3,,
Car 534,,,,,14,switch,,"Charger 14 (fid=9) not available, trying Charger 13 (fid=8)",1143.717992571952,13,,
Car 509,,,,,3,switch,,"Charger 3 (fid=307905) not available, trying Charger 6 (fid=1)",1143.8663887948371,6,,
Car 415,,,,,12,switch,,"Charger 12 (fid=7) not available, trying Charger 4 (fid=308108)",1143.8667333754681,4,,
Car 459,,,,,17,switch,,"Charger 17 (fid=12) not available, trying Charger 14 (fid=9)",1143.9260304822126,14,,
Car 521,,,,,4,switch,,"Charger 4 (fid=308108) not available, trying Charger 12 (fid=7)",1143.926505190149,12,,
Car 423,,,,,12,switch,,"Charger 12 (fid=7) not available, trying Charger 9 (fid=3)",1143.9296303908986,9,,
Car 535,,,,,14,switch,,"Charger 14 (fid=9) not available, trying Charger 16 (fid=11)",1143.9754005238597,16,,
Car 477,,,,,7,switch,,"Charger 7 (fid=2) not available, trying Charger 11 (fid=6)",1144.0241719359744,11,,
Car 536,,,,,10,switch,,"Charger 10 (fid=4) not available, trying Charger 13 (fid=8)",1144.1809274772904,13,,
Car 499,,,,,18,switch,,"Charger 18 (fid=13) not available, trying Charger 1 (fid=308702)",1144.2886350339784,1,,
Car 525,,,,,5,switch,,"Charger 5 (fid=5) not available, trying Charger 10 (fid=4)",1144.3624977561008,10,,
Car 502,,,,,2,switch,,"Charger 2 (fid=307904) not available, trying Charger 3 (fid=307905)",1144.40426428344,3,,
Car 537,,,,,13,switch,,"Charger 13 (fid=8) not available, trying Charger 15 (fid=10)",1144.4065573047203,15,,
Car 538,,,,,14,switch,,"Charger 14 (fid=9) not available, trying Charger 16 (fid=11)",1144.4184976236827,16,,
Car 490,,,,,10,switch,,"Charger 10 (fid=4) not available, trying Charger 5 (fid=5)",1144.822754416702,5,,
Car 492,,,,,17,switch,,"Charger 17 (fid=12) not available, trying Charger 18 (fid=13)",1144.9456260275053,18,,
Car 493,,,,,17,switch,,"Charger 17 (fid=12) not available, trying Charger 18 (fid=13)",1144.9743294518287,18,,
Car 450,,,,,17,switch,,"Charger 17 (fid=12) not available, trying Charger 10 (fid=4)",1144.9766298230468,10,,
Car 481,,,,,6,switch,,"Charger 6 (fid=1) not available, trying Charger 2 (fid=307904)",1145.058785643552,2,,
Car 430,,,,,2,switch,,"Charger 2 (fid=307904) not available, trying Charger 3 (fid=307905)",1145.2401690936179,3,,
Car 522,,,,,0,switch,,"Charger 0 (fid=308440) not available, trying Charger 5 (fid=5)",1145.4103781972497,5,,
Car 444,,,,,5,switch,,"Charger 5 (fid=5) not available, trying Charger 0 (fid=308440)",1145.484635631881,0,,
Car 528,,,,,13,switch,,"Charger 13 (fid=8) not available, trying Charger 14 (fid=9)",1145.8000617157595,14,,
Car 447,,,,,0,switch,,"Charger 0 (fid=308440) not available, trying Charger 9 (fid=3)",1145.810401752263,9,,
Car 431,,,,,2,switch,,"Charger 2 (fid=307904) not available, trying Charger 3 (fid=307905)",1145.8501386681635,3,,
Car 474,,,,,11,switch,,"Charger 11 (fid=6) not available, trying Charger 19 (fid=14)",1145.9184122100708,19,,
Car 526,,,,,16,switch,,"Charger 16 (fid=11) not available, trying Charger 10 (fid=4)",1145.963139814123,10,,
Car 494,,,,,11,switch,,"Charger 11 (fid=6) not available, trying Charger 10 (fid=4)",1146.002871300513,10,,
Car 470,,,,,14,switch,,"Charger 14 (fid=9) not available, trying Charger 15 (fid=10)",1146.04975680716,15,,
Car 542,,,,51,,arrived,,arrived,1146.2542814821875,,,
Car 527,,,,,18,switch,,"Charger 18 (fid=13) not available, trying Charger 5 (fid=5)",1146.3968959687932,5,,
Car 504,,,,,11,switch,,"Charger 11 (fid=6) not available, trying Charger 2 (fid=307904)",1146.4382986328537,2,,
Car 539,,,,,9,switch,,"Charger 9 (fid=3) not available, trying Charger 14 (fid=9)",1146.61730637451,14,,
Car 438,,,,,6,switch,,"Charger 6 (fid=1) not available, trying Charger 17 (fid=12)",1146.658344690052,17,,
Car 508,,,,,14,switch,,"Charger 14 (fid=9) not available, trying Charger 11 (fid=6)",1146.7042898286243,11,,
Car 496,,,,,15,switch,,"Charger 15 (fid=10) not available, trying Charger 19 (fid=14)",1146.810394711253,19,,
Car 491,,,,,11,switch,,"Charger 11 (fid=6) not available, trying Charger 2 (fid=307904)",1146.9365175903035,2,,
Car 405,,,,,7,switch,,"Charger 7 (fid=2) not available, trying Charger 4 (fid=308108)",1146.9697954692942,4,,
Car 471,,,,,6,switch,,"Charger 6 (fid=1) not available, trying Charger 17 (fid=12)",1146.9957883834222,17,,
Car 475,,,,,11,switch,,"Charger 11 (fid=6) not available, trying Charger 9 (fid=3)",1147.1770191509836,9,,
Car 453,,,,,14,switch,,"Charger 14 (fid=9) not available, trying Charger 6 (fid=1)",1147.2550119758969,6,,
Car 540,,,,,19,switch,,"Charger 19 (fid=14) not available, trying Charger 0 (fid=308440)",1147.2729178583165,0,,
Car 406,,,,,0,switch,,"Charger 0 (fid=308440) not available, trying Charger 17 (fid=12)",1147.2974222140695,17,,
Car 488,,,,,20,switch,,"Charger 20 (fid=15) not available, trying Charger 11 (fid=6)",1147.3080202718286,11,,
Car 434,110.0,2,7,,,done,,done charging,1147.319144301724,,,177.7326786959198
Car 411,,2,7,,,start_charge,,starting to charge at Charger 7 (fid=2),1147.319144301724,,87.69111311045094,
Car 541,,,,,5,switch,,"Charger 5 (fid=5) not available, trying Charger 10 (fid=4)",1147.4813186901802,10,,
Car 463,,,,,1,switch,,"Charger 1 (fid=308702) not available, trying Charger 14 (fid=9)",1147.51770172433,14,,
Car 513,,,,,0,switch,,"Charger 0 (fid=308440) not available, trying Charger 19 (fid=14)",1147.5840091349678,19,,
Car 442,,,,,12,switch,,"Charger 12 (fid=7) not available, trying Charger 9 (fid=3)",1147.6393193527226,9,,
Car 401,,,,,1,switch,,"Charger 1 (fid=308702) not available, trying Charger 5 (fid=5)",1147.672803122331,5,,
Car 515,,,,,9,switch,,"Charger 9 (fid=3) not available, trying Charger 15 (fid=10)",1147.8750552146068,15,,
Car 519,,,,,5,switch,,"Charger 5 (fid=5) not available, trying Charger 13 (fid=8)",1147.9174210169888,13,,
Car 531,,,,,5,switch,,"Charger 5 (fid=5) not available, trying Charger 14 (fid=9)",1147.9745725220682,14,,
Car 476,,,,,11,switch,,"Charger 11 (fid=6) not available, trying Charger 15 (fid=10)",1147.9931936849039,15,,
Car 510,,,,,16,switch,,"Charger 16 (fid=11) not available, trying Charger 19 (fid=14)",1148.0704428210158,19,,
Car 543,,,,36,,arrived,,arrived,1148.1778176638968,,,
Car 462,,,,,11,switch,,"Charger 11 (fid=6) not available, trying Charger 2 (fid=307904)",1148.1989923244973,2,,
Car 530,,,,,16,switch,,"Charger 16 (fid=11) not available, trying Charger 0 (fid=308440)",1148.2137123767413,0,,
Car 544,,,,40,,arrived,,arrived,1148.2679805423134,,,
Car 460,,,,,0,switch,,"Charger 0 (fid=308440) not available, trying Charger 9 (fid=3)",1148.3664195004028,9,,
Car 545,,,,17,,arrived,,arrived,1148.3752620198939,,,
Car 409,,,,,17,switch,,"Charger 17 (fid=12) not available, trying Charger 20 (fid=15)",1148.4012935756493,20,,
Car 501,,,,,20,switch,,"Charger 20 (fid=15) not available, trying Charger 14 (fid=9)",1148.4540487395043,14,,
Car 489,,,,,2,switch,,"Charger 2 (fid=307904) not available, trying Charger 3 (fid=307905)",1148.5195599020897,3,,
Car 407,,,,,4,switch,,"Charger 4 (fid=308108) not available, trying Charger 8 (fid=91)",1148.8118944338596,8,,
Car 433,,,,,3,switch,,"Charger 3 (fid=307905) not available, trying Charger 12 (fid=7)",1148.8952625708737,12,,
Car 532,,,,,14,switch,,"Charger 14 (fid=9) not available, trying Charger 13 (fid=8)",1148.9002454140766,13,,
Car 520,,,,,19,switch,,"Charger 19 (fid=14) not available, trying Charger 10 (fid=4)",1149.1017158940808,10,,
Car 546,,,,34,,arrived,,arrived,1149.1749046853952,,,
Car 377,54.0,91,8,,,done,,done charging,1149.408226893388,,,574.9486057527083
Car 408,,91,8,,,start_charge,,starting to charge at Charger 8 (fid=91),1149.408226893388,,88.5629780189521,
Car 449,,,,,9,switch,,"Charger 9 (fid=3) not available, trying Charger 6 (fid=1)",1149.5415550274995,6,,
Car 502,,,,,3,switch,,"Charger 3 (fid=307905) not available, trying Charger 14 (fid=9)",1149.6678904650041,14,,
Car 503,,,,,16,switch,,"Charger 16 (fid=11) not available, trying Charger 13 (fid=8)",1149.849180206477,13,,
Car 533,,,,,0,switch,,"Charger 0 (fid=308440) not available, trying Charger 16 (fid=11)",1149.8780669359362,16,,
Car 485,,,,,11,switch,,"Charger 11 (fid=6) not available, trying Charger 20 (fid=15)",1149.8791065351659,20,,
Car 509,,,,,6,switch,,"Charger 6 (fid=1) not available, trying Charger 17 (fid=12)",1150.0725791877785,17,,
Car 478,,,,,1,switch,,"Charger 1 (fid=308702) not available, trying Charger 14 (fid=9)",1150.1023645881426,14,,
Car 534,,,,,13,switch,,"Charger 13 (fid=8) not available, trying Charger 15 (fid=10)",1150.1378970951787,15,,
Car 472,,,,,20,switch,,"Charger 20 (fid=15) not available, trying Charger 16 (fid=11)",1150.1541897694565,16,,
Car 525,,,,,10,switch,,"Charger 10 (fid=4) not available, trying Charger 18 (fid=13)",1150.250897804489,18,,
Car 517,,,,,12,switch,,"Charger 12 (fid=7) not available, trying Charger 7 (fid=2)",1150.487326744263,7,,
Car 430,,,,,3,switch,,"Charger 3 (fid=307905) not available, trying Charger 12 (fid=7)",1150.503795275182,12,,
Car 415,,,,,4,switch,,"Charger 4 (fid=308108) not available, trying Charger 17 (fid=12)",1150.5290627108986,17,,
Car 521,,,,,12,switch,,"Charger 12 (fid=7) not available, trying Charger 2 (fid=307904)",1150.5888345255796,2,,
Car 500,,,,,15,switch,,"Charger 15 (fid=10) not available, trying Charger 19 (fid=14)",1150.5952249130319,19,,
Car 490,,,,,5,switch,,"Charger 5 (fid=5) not available, trying Charger 13 (fid=8)",1150.7111544650902,13,,
Car 537,,,,,15,switch,,"Charger 15 (fid=10) not available, trying Charger 14 (fid=9)",1150.7855423593114,14,,
Car 410,50.0,7,12,,,done,,done charging,1150.8083834460203,,,541.126744186053
Car 495,,7,12,,,start_charge,,starting to charge at Charger 12 (fid=7),1150.8083834460203,,32.19966641927272,
Car 456,,,,,9,switch,,"Charger 9 (fid=3) not available, trying Charger 6 (fid=1)",1150.9543710260768,6,,
Car 514,,,,,10,switch,,"Charger 10 (fid=4) not available, trying Charger 5 (fid=5)",1150.967412752734,5,,
Car 487,,,,,19,switch,,"Charger 19 (fid=14) not available, trying Charger 11 (fid=6)",1151.108859553205,11,,
Car 431,,,,,3,switch,,"Charger 3 (fid=307905) not available, trying Charger 12 (fid=7)",1151.1137648497277,12,,
Car 481,,,,,2,switch,,"Charger 2 (fid=307904) not available, trying Charger 3 (fid=307905)",1151.2486392048727,3,,
Car 542,,,,,20,switch,,"Charger 20 (fid=15) not available, trying Charger 12 (fid=7)",1151.2542814821875,12,,
Car 547,,,,37,,arrived,,arrived,1151.4381010812456,,,
Car 548,,,,70,,arrived,,arrived,1151.4682103530492,,,
Car 499,,,,,1,switch,,"Charger 1 (fid=308702) not available, trying Charger 14 (fid=9)",1151.4718259718388,14,,
Car 535,,,,,16,switch,,"Charger 16 (fid=11) not available, trying Charger 10 (fid=4)",1151.5053230916924,10,,
Car 536,,,,,13,switch,,"Charger 13 (fid=8) not available, trying Charger 5 (fid=5)",1151.646232296663,5,,
Car 473,,,,,14,switch,,"Charger 14 (fid=9) not available, trying Charger 1 (fid=308702)",1151.6711299137087,1,,
Car 549,,,,73,,arrived,,arrived,1151.6723262991209,,,
Car 511,,,,,5,switch,,"Charger 5 (fid=5) not available, trying Charger 0 (fid=308440)",1151.8355375963763,0,,
Car 538,,,,,16,switch,,"Charger 16 (fid=11) not available, trying Charger 10 (fid=4)",1151.9484201915154,10,,
Car 550,,,,5,,arrived,,arrived,1151.9747225036142,,,
Car 469,,,,,18,switch,,"Charger 18 (fid=13) not available, trying Charger 13 (fid=8)",1152.0772740730265,13,,
Car 486,,,,,9,switch,,"Charger 9 (fid=3) not available, trying Charger 17 (fid=12)",1152.1115126055056,17,,
Car 528,,,,,14,switch,,"Charger 14 (fid=9) not available, trying Charger 10 (fid=4)",1152.2199662389862,10,,
Car 412,,,,,14,switch,,"Charger 14 (fid=9) not available, trying Charger 9 (fid=3)",1152.329937431847,9,,
Car 497,,,,,13,switch,,"Charger 13 (fid=8) not available, trying Charger 6 (fid=1)",1152.440040742021,6,,
Car 451,87.0,5,5,,,done,,done charging,1152.4620253050562,,,148.86565000518124
Car 523,,5,5,,,start_charge,,starting to charge at Charger 5 (fid=5),1152.4620253050562,,14.391101732862808,
Car 470,,,,,15,switch,,"Charger 15 (fid=10) not available, trying Charger 11 (fid=6)",1152.5846681633766,11,,
Car 551,,,,17,,arrived,,arrived,1152.7566263174404,,,
Car 465,74.0,308108,4,,,done,,done charging,1152.9337718215072,,,252.25969385824664
Car 425,,308108,4,,,start_charge,,starting to charge at Charger 4 (fid=308108),1152.9337718215072,,74.74450290487084,
Car 552,,,,55,,arrived,,arrived,1153.1549666658088,,,
Car 543,,,,,19,switch,,"Charger 19 (fid=14) not available, trying Charger 0 (fid=308440)",1153.1778176638968,0,,
Car 458,,,,,9,switch,,"Charger 9 (fid=3) not available, trying Charger 6 (fid=1)",1153.256722619889,6,,
Car 544,,,,,9,switch,,"Charger 9 (fid=3) not available, trying Charger 14 (fid=9)",1153.2679805423134,14,,
Car 541,,,,,10,switch,,"Charger 10 (fid=4) not available, trying Charger 13 (fid=8)",1153.3697187385683,13,,
Car 545,,,,,19,switch,,"Charger 19 (fid=14) not available, trying Charger 11 (fid=6)",1153.3752620198939,11,,
Car 438,,,,,17,switch,,"Charger 17 (fid=12) not available, trying Charger 12 (fid=7)",1153.428931040842,12,,
Car 405,,,,,4,switch,,"Charger 4 (fid=308108) not available, trying Charger 20 (fid=15)",1153.5725798692536,20,,
Car 477,,,,,11,switch,,"Charger 11 (fid=6) not available, trying Charger 17 (fid=12)",1153.6900414421184,17,,
Car 471,,,,,17,switch,,"Charger 17 (fid=12) not available, trying Charger 14 (fid=9)",1153.7663747342121,14,,
Car 489,,,,,3,switch,,"Charger 3 (fid=307905) not available, trying Charger 14 (fid=9)",1153.7831860836538,14,,
Car 540,,,,,0,switch,,"Charger 0 (fid=308440) not available, trying Charger 16 (fid=11)",1153.8673123201816,16,,
Car 474,,,,,19,switch,,"Charger 19 (fid=14) not available, trying Charger 16 (fid=11)",1154.1292289638568,16,,
Car 546,,,,,19,switch,,"Charger 19 (fid=14) not available, trying Charger 0 (fid=308440)",1154.1749046853952,0,,
Car 513,,,,,19,switch,,"Charger 19 (fid=14) not available, trying Charger 12 (fid=7)",1154.1784035968328,12,,
Car 553,,,,28,,arrived,,arrived,1154.2963794009474,,,
Car 526,,,,,10,switch,,"Charger 10 (fid=4) not available, trying Charger 5 (fid=5)",1154.4151701525946,5,,
Car 448,,,,,14,switch,,"Charger 14 (fid=9) not available, trying Charger 15 (fid=10)",1154.5515345122888,15,,
Car 464,,,,,20,switch,,"Charger 20 (fid=15) not available, trying Charger 0 (fid=308440)",1154.5561771975233,0,,
Car 423,,,,,9,switch,,"Charger 9 (fid=3) not available, trying Charger 7 (fid=2)",1154.7033879273047,7,,
Car 504,,,,,2,switch,,"Charger 2 (fid=307904) not available, trying Charger 3 (fid=307905)",1154.7629828713132,3,,
Car 491,,,,,2,switch,,"Charger 2 (fid=307904) not available, trying Charger 3 (fid=307905)",1155.261201828763,3,,
Car 510,,,,,19,switch,,"Charger 19 (fid=14) not available, trying Charger 1 (fid=308702)",1155.300375057953,1,,
Car 532,,,,,13,switch,,"Charger 13 (fid=8) not available, trying Charger 5 (fid=5)",1155.3201499373033,5,,
Car 435,107.0,9,14,,,done,,done charging,1155.6312477738645,,,230.5064137898674
Car 459,,9,14,,,start_charge,,starting to charge at Charger 14 (fid=9),1155.6312477738645,,54.99041931725469,
Car 539,,,,,14,switch,,"Charger 14 (fid=9) not available, trying Charger 16 (fid=11)",1155.7050596757254,16,,
Car 519,,,,,13,switch,,"Charger 13 (fid=8) not available, trying Charger 15 (fid=10)",1155.8527889566085,15,,
Car 522,,,,,5,switch,,"Charger 5 (fid=5) not available, trying Charger 10 (fid=4)",1155.9675615077167,10,,
Car 407,,,,,8,switch,,"Charger 8 (fid=91) not available, trying Charger 20 (fid=15)",1156.0223061169406,20,,
Car 444,,,,,0,switch,,"Charger 0 (fid=308440) not available, trying Charger 12 (fid=7)",1156.041818942348,12,,
Car 508,,,,,11,switch,,"Charger 11 (fid=6) not available, trying Charger 2 (fid=307904)",1156.1202228261748,2,,
Car 530,,,,,0,switch,,"Charger 0 (fid=308440) not available, trying Charger 1 (fid=308702)",1156.1895626813857,1,,
Car 401,,,,,5,switch,,"Charger 5 (fid=5) not available, trying Charger 18 (fid=13)",1156.227916479751,18,,
Car 494,,,,,10,switch,,"Charger 10 (fid=4) not available, trying Charger 2 (fid=307904)",1156.3308988404383,2,,
Car 547,,,,,10,switch,,"Charger 10 (fid=4) not available, trying Charger 5 (fid=5)",1156.4381010812456,5,,
Car 548,,,,,19,switch,,"Charger 19 (fid=14) not available, trying Charger 0 (fid=308440)",1156.4682103530492,0,,
Car 433,,,,,12,switch,,"Charger 12 (fid=7) not available, trying Charger 4 (fid=308108)",1156.4907918143845,4,,
Car 481,,,,,3,switch,,"Charger 3 (fid=307905) not available, trying Charger 10 (fid=4)",1156.5122653864369,10,,
Car 534,,,,,15,switch,,"Charger 15 (fid=10) not available, trying Charger 16 (fid=11)",1156.5168821497698,16,,
Car 462,,,,,2,switch,,"Charger 2 (fid=307904) not available, trying Charger 3 (fid=307905)",1156.5236765629568,3,,
Car 531,,,,,14,switch,,"Charger 14 (fid=9) not available, trying Charger 16 (fid=11)",1156.6280114303731,16,,
Car 549,,,,,14,switch,,"Charger 14 (fid=9) not available, trying Charger 16 (fid=11)",1156.6723262991209,16,,
Car 496,,,,,19,switch,,"Charger 19 (fid=14) not available, trying Charger 11 (fid=6)",1156.769119757298,11,,
Car 527,,,,,5,switch,,"Charger 5 (fid=5) not available, trying Charger 10 (fid=4)",1156.7701640416808,10,,
Car 509,,,,,17,switch,,"Charger 17 (fid=12) not available, trying Charger 18 (fid=13)",1156.8431655385684,18,,
Car 514,,,,,5,switch,,"Charger 5 (fid=5) not available, trying Charger 19 (fid=14)",1156.855812801122,19,,
Car 492,,,,,18,switch,,"Charger 18 (fid=13) not available, trying Charger 14 (fid=9)",1156.968635722145,14,,
Car 475,,,,,9,switch,,"Charger 9 (fid=3) not available, trying Charger 17 (fid=12)",1156.9718877871046,17,,
Car 550,,,,,7,switch,,"Charger 7 (fid=2) not available, trying Charger 4 (fid=308108)",1156.9747225036142,4,,
Car 493,,,,,18,switch,,"Charger 18 (fid=13) not available, trying Charger 14 (fid=9)",1156.9973391464684,14,,
Car 537,,,,,14,switch,,"Charger 14 (fid=9) not available, trying Charger 10 (fid=4)",1157.320453715528,10,,
Car 463,,,,,14,switch,,"Charger 14 (fid=9) not available, trying Charger 10 (fid=4)",1157.4389534596162,10,,
Car 515,,,,,15,switch,,"Charger 15 (fid=10) not available, trying Charger 13 (fid=8)",1157.475079136866,13,,
Car 406,,,,,17,switch,,"Charger 17 (fid=12) not available, trying Charger 8 (fid=91)",1157.6059571780454,8,,
Car 447,,,,,9,switch,,"Charger 9 (fid=3) not available, trying Charger 14 (fid=9)",1157.6338544199527,14,,
Car 517,,,,,7,switch,,"Charger 7 (fid=2) not available, trying Charger 4 (fid=308108)",1157.6715472097178,4,,
Car 453,,,,,6,switch,,"Charger 6 (fid=1) not available, trying Charger 17 (fid=12)",1157.7343236371528,17,,
Car 551,,,,,19,switch,,"Charger 19 (fid=14) not available, trying Charger 11 (fid=6)",1157.7566263174404,11,,
Car 533,,,,,16,switch,,"Charger 16 (fid=11) not available, trying Charger 11 (fid=6)",1157.8539172405806,11,,
Car 450,,,,,10,switch,,"Charger 10 (fid=4) not available, trying Charger 5 (fid=5)",1157.9059865614274,5,,
Car 476,,,,,15,switch,,"Charger 15 (fid=10) not available, trying Charger 2 (fid=307904)",1157.9773026569464,2,,
Car 488,,,,,11,switch,,"Charger 11 (fid=6) not available, trying Charger 19 (fid=14)",1158.0364590731183,19,,
Car 430,,,,,12,switch,,"Charger 12 (fid=7) not available, trying Charger 4 (fid=308108)",1158.0993245186928,4,,
Car 552,,,,,19,switch,,"Charger 19 (fid=14) not available, trying Charger 0 (fid=308440)",1158.1549666658088,0,,
Car 521,,,,,2,switch,,"Charger 2 (fid=307904) not available, trying Charger 3 (fid=307905)",1158.1680269374697,3,,
Car 503,,,,,13,switch,,"Charger 13 (fid=8) not available, trying Charger 15 (fid=10)",1158.258330491973,15,,
Car 554,,,,10,,arrived,,arrived,1158.373972088265,,,
Car 442,,,,,9,switch,,"Charger 9 (fid=3) not available, trying Charger 8 (fid=91)",1158.4130768891287,8,,
Car 490,,,,,13,switch,,"Charger 13 (fid=8) not available, trying Charger 15 (fid=10)",1158.64652240471,15,,
Car 466,64.0,11,16,,,done,,done charging,1158.6523816097933,,,222.3364256504686
Car 472,,11,16,,,start_charge,,starting to charge at Charger 16 (fid=11),1158.6523816097933,,52.956246746159195,
Car 520,,,,,10,switch,,"Charger 10 (fid=4) not available, trying Charger 5 (fid=5)",1158.7069835698373,5,,
Car 431,,,,,12,switch,,"Charger 12 (fid=7) not available, trying Charger 4 (fid=308108)",1158.7092940932384,4,,
Car 409,,,,,20,switch,,"Charger 20 (fid=15) not available, trying Charger 7 (fid=2)",1159.26982368175,7,,
Car 553,,,,,19,switch,,"Charger 19 (fid=14) not available, trying Charger 0 (fid=308440)",1159.2963794009474,0,,
Car 487,,,,,11,switch,,"Charger 11 (fid=6) not available, trying Charger 0 (fid=308440)",1159.3196763069911,0,,
Car 536,,,,,5,switch,,"Charger 5 (fid=5) not available, trying Charger 15 (fid=10)",1159.5816002362826,15,,
Car 415,,,,,17,switch,,"Charger 17 (fid=12) not available, trying Charger 20 (fid=15)",1159.6159285149995,20,,
Car 501,,,,,14,switch,,"Charger 14 (fid=9) not available, trying Charger 11 (fid=6)",1159.6230865489133,11,,
Car 543,,,,,0,switch,,"Charger 0 (fid=308440) not available, trying Charger 11 (fid=6)",1159.7722121257618,11,,
Car 535,,,,,10,switch,,"Charger 10 (fid=4) not available, trying Charger 5 (fid=5)",1159.957353430164,5,,
Car 478,,,,,14,switch,,"Charger 14 (fid=9) not available, trying Charger 12 (fid=7)",1160.0236163234288,12,,
Car 504,,,,,3,switch,,"Charger 3 (fid=307905) not available, trying Charger 14 (fid=9)",1160.0266090528773,14,,
Car 460,,,,,9,switch,,"Charger 9 (fid=3) not available, trying Charger 6 (fid=1)",1160.1898721680925,6,,
Car 526,,,,,5,switch,,"Charger 5 (fid=5) not available, trying Charger 13 (fid=8)",1160.3035702009827,13,,
Car 542,,,,,12,switch,,"Charger 12 (fid=7) not available, trying Charger 4 (fid=308108)",1160.3486289462567,4,,
Car 449,,,,,6,switch,,"Charger 6 (fid=1) not available, trying Charger 2 (fid=307904)",1160.3755211772198,2,,
Car 538,,,,,10,switch,,"Charger 10 (fid=4) not available, trying Charger 5 (fid=5)",1160.400450529987,5,,
Car 525,,,,,18,switch,,"Charger 18 (fid=13) not available, trying Charger 0 (fid=308440)",1160.4181683103732,0,,
Car 528,,,,,10,switch,,"Charger 10 (fid=4) not available, trying Charger 16 (fid=11)",1160.4925474796473,16,,
Car 491,,,,,3,switch,,"Charger 3 (fid=307905) not available, trying Charger 13 (fid=8)",1160.5248280103272,13,,
Car 500,,,,,19,switch,,"Charger 19 (fid=14) not available, trying Charger 11 (fid=6)",1160.553949959077,11,,
Car 485,,,,,20,switch,,"Charger 20 (fid=15) not available, trying Charger 16 (fid=11)",1160.6075453364556,16,,
Car 555,,,,71,,arrived,,arrived,1160.6444394813595,,,
Car 502,,,,,14,switch,,"Charger 14 (fid=9) not available, trying Charger 1 (fid=308702)",1160.7524566003538,1,,
Car 546,,,,,0,switch,,"Charger 0 (fid=308440) not available, trying Charger 16 (fid=11)",1160.7692991472602,16,,
Car 541,,,,,13,switch,,"Charger 13 (fid=8) not available, trying Charger 1 (fid=308702)",1160.8350235579408,1,,
Car 556,,,,43,,arrived,,arrived,1160.8940390579587,,,
Car 448,,,,,15,switch,,"Charger 15 (fid=10) not available, trying Charger 13 (fid=8)",1161.0864458685053,13,,
Car 557,,,,26,,arrived,,arrived,1161.3554249730041,,,
Car 474,,,,,16,switch,,"Charger 16 (fid=11) not available, trying Charger 0 (fid=308440)",1161.359161200794,0,,
Car 413,100.0,307904,2,,,done,,done charging,1161.370593519943,,,364.65366296317865
Car 508,,307904,2,,,start_charge,,starting to charge at Charger 2 (fid=307904),1161.370593519943,,36.92568645530878,
Car 437,118.0,2,7,,,done,,done charging,1161.383696273566,,,156.01626486144312
Car 423,,2,7,,,start_charge,,starting to charge at Charger 7 (fid=2),1161.383696273566,,85.1705222194845,
Car 499,,,,,14,switch,,"Charger 14 (fid=9) not available, trying Charger 6 (fid=1)",1161.393077707125,6,,
Car 412,,,,,9,switch,,"Charger 9 (fid=3) not available, trying Charger 15 (fid=10)",1161.4176907330623,15,,
Car 545,,,,,11,switch,,"Charger 11 (fid=6) not available, trying Charger 16 (fid=11)",1161.58607877368,16,,
Car 438,,,,,12,switch,,"Charger 12 (fid=7) not available, trying Charger 9 (fid=3)",1161.5888562422012,9,,
Car 473,,,,,1,switch,,"Charger 1 (fid=308702) not available, trying Charger 12 (fid=7)",1161.592381648995,12,,
Car 558,,,,37,,arrived,,arrived,1161.7316769495603,,,
Car 462,,,,,3,switch,,"Charger 3 (fid=307905) not available, trying Charger 6 (fid=1)",1161.787302744521,6,,
Car 456,,,,,6,switch,,"Charger 6 (fid=1) not available, trying Charger 2 (fid=307904)",1161.788337175797,2,,
Car 559,,,,4,,arrived,,arrived,1161.8207647810464,,,
Car 540,,,,,16,switch,,"Charger 16 (fid=11) not available, trying Charger 11 (fid=6)",1161.843162624826,11,,
Car 522,,,,,10,switch,,"Charger 10 (fid=4) not available, trying Charger 19 (fid=14)",1161.8559615561048,19,,
Car 519,,,,,15,switch,,"Charger 15 (fid=10) not available, trying Charger 19 (fid=14)",1162.2317740111996,19,,
Car 547,,,,,5,switch,,"Charger 5 (fid=5) not available, trying Charger 14 (fid=9)",1162.3265011296337,14,,
Car 544,,,,,14,switch,,"Charger 14 (fid=9) not available, trying Charger 16 (fid=11)",1162.3557338435287,16,,
Car 511,,,,,0,switch,,"Charger 0 (fid=308440) not available, trying Charger 14 (fid=9)",1162.3927209068434,14,,
Car 560,,,,11,,arrived,,arrived,1162.5419164973532,,,
Car 470,,,,,11,switch,,"Charger 11 (fid=6) not available, trying Charger 2 (fid=307904)",1162.5687771354192,2,,
Car 527,,,,,10,switch,,"Charger 10 (fid=4) not available, trying Charger 0 (fid=308440)",1162.658564090069,0,,
Car 405,,,,,20,switch,,"Charger 20 (fid=15) not available, trying Charger 8 (fid=91)",1162.8128724613873,8,,
Car 477,,,,,17,switch,,"Charger 17 (fid=12) not available, trying Charger 14 (fid=9)",1162.9867731456604,14,,
Car 548,,,,,0,switch,,"Charger 0 (fid=308440) not available, trying Charger 16 (fid=11)",1163.0626048149143,16,,
Car 433,,,,,4,switch,,"Charger 4 (fid=308108) not available, trying Charger 17 (fid=12)",1163.153121149815,17,,
Car 539,,,,,16,switch,,"Charger 16 (fid=11) not available, trying Charger 20 (fid=15)",1163.234982243558,20,,
Car 532,,,,,5,switch,,"Charger 5 (fid=5) not available, trying Charger 16 (fid=11)",1163.255517876923,16,,
Car 554,,,,,15,switch,,"Charger 15 (fid=10) not available, trying Charger 13 (fid=8)",1163.373972088265,13,,
Car 521,,,,,3,switch,,"Charger 3 (fid=307905) not available, trying Charger 6 (fid=1)",1163.4316531190339,6,,
Car 561,,,,117,,arrived,,arrived,1163.5695143775947,,,
Car 550,,,,,4,switch,,"Charger 4 (fid=308108) not available, trying Charger 8 (fid=91)",1163.5775069035735,8,,
Car 469,,,,,13,switch,,"Charger 13 (fid=8) not available, trying Charger 15 (fid=10)",1163.7445827124823,15,,
Car 450,,,,,5,switch,,"Charger 5 (fid=5) not available, trying Charger 13 (fid=8)",1163.7943866098155,13,,
Car 497,,,,,6,switch,,"Charger 6 (fid=1) not available, trying Charger 2 (fid=307904)",1163.800790299929,2,,
Car 515,,,,,13,switch,,"Charger 13 (fid=8) not available, trying Charger 19 (fid=14)",1163.8540641914572,19,,
Car 416,89.0,13,18,,,done,,done charging,1163.9611453770553,,,430.4336331401615
Car 401,,13,18,,,start_charge,,starting to charge at Charger 18 (fid=13),1163.9611453770553,,102.3599608244167,
Car 458,,,,,6,switch,,"Charger 6 (fid=1) not available, trying Charger 2 (fid=307904)",1164.0906887696092,2,,
Car 531,,,,,16,switch,,"Charger 16 (fid=11) not available, trying Charger 13 (fid=8)",1164.1579339982059,13,,
Car 486,,,,,17,switch,,"Charger 17 (fid=12) not available, trying Charger 11 (fid=6)",1164.1809650683672,11,,
Car 549,,,,,16,switch,,"Charger 16 (fid=11) not available, trying Charger 10 (fid=4)",1164.2022488669536,10,,
Car 517,,,,,4,switch,,"Charger 4 (fid=308108) not available, trying Charger 8 (fid=91)",1164.2743316096771,8,,
Car 530,,,,,1,switch,,"Charger 1 (fid=308702) not available, trying Charger 14 (fid=9)",1164.3000153087842,14,,
Car 510,,,,,1,switch,,"Charger 1 (fid=308702) not available, trying Charger 9 (fid=3)",1164.401946583233,9,,
Car 453,,,,,17,switch,,"Charger 17 (fid=12) not available, trying Charger 15 (fid=10)",1164.5049099879427,15,,
Car 520,,,,,5,switch,,"Charger 5 (fid=5) not available, trying Charger 16 (fid=11)",1164.5953836182255,16,,
Car 503,,,,,15,switch,,"Charger 15 (fid=10) not available, trying Charger 14 (fid=9)",1164.6373155465642,14,,
Car 513,,,,,12,switch,,"Charger 12 (fid=7) not available, trying Charger 11 (fid=6)",1164.715642375944,11,,
Car 552,,,,,0,switch,,"Charger 0 (fid=308440) not available, trying Charger 16 (fid=11)",1164.7493611276739,16,,
Car 430,,,,,4,switch,,"Charger 4 (fid=308108) not available, trying Charger 17 (fid=12)",1164.7616538541233,17,,
Car 534,,,,,16,switch,,"Charger 16 (fid=11) not available, trying Charger 10 (fid=4)",1164.8250998392311,10,,
Car 489,,,,,14,switch,,"Charger 14 (fid=9) not available, trying Charger 10 (fid=4)",1164.8677522190035,10,,
Car 496,,,,,11,switch,,"Charger 11 (fid=6) not available, trying Charger 0 (fid=308440)",1164.9799365110841,0,,
Car 533,,,,,11,switch,,"Charger 11 (fid=6) not available, trying Charger 2 (fid=307904)",1165.0183133740338,2,,
Car 490,,,,,15,switch,,"Charger 15 (fid=10) not available, trying Charger 18 (fid=13)",1165.025507459301,18,,
Car 431,,,,,4,switch,,"Charger 4 (fid=308108) not available, trying Charger 17 (fid=12)",1165.371623428669,17,,
Car 471,,,,,14,switch,,"Charger 14 (fid=9) not available, trying Charger 12 (fid=7)",1165.4811727086094,12,,
Car 537,,,,,10,switch,,"Charger 10 (fid=4) not available, trying Charger 5 (fid=5)",1165.593034956189,5,,
Car 555,,,,,19,switch,,"Charger 19 (fid=14) not available, trying Charger 0 (fid=308440)",1165.6444394813595,0,,
Car 463,,,,,10,switch,,"Charger 10 (fid=4) not available, trying Charger 12 (fid=7)",1165.7115347002773,12,,
Car 407,,,,,,gave_up,20,"no alternate charger available, gave up",1165.842155316317,,,
Car 535,,,,,5,switch,,"Charger 5 (fid=5) not available, trying Charger 13 (fid=8)",1165.845753478552,13,,
Car 553,,,,,0,switch,,"Charger 0 (fid=308440) not available, trying Charger 11 (fid=6)",1165.8907738628125,11,,
Car 556,,,,,1,switch,,"Charger 1 (fid=308702) not available, trying Charger 5 (fid=5)",1165.8940390579587,5,,
Car 551,,,,,11,switch,,"Charger 11 (fid=6) not available, trying Charger 16 (fid=11)",1165.9674430712264,16,,
Car 406,,,,,8,switch,,"Charger 8 (fid=91) not available, trying Charger 1 (fid=308702)",1166.0983345158072,1,,
Car 488,,,,,19,switch,,"Charger 19 (fid=14) not available, trying Charger 16 (fid=11)",1166.2472758269043,16,,
Car 538,,,,,5,switch,,"Charger 5 (fid=5) not available, trying Charger 13 (fid=8)",1166.288850578375,13,,
Car 557,,,,,0,switch,,"Charger 0 (fid=308440) not available, trying Charger 19 (fid=14)",1166.3554249730041,19,,
Car 449,,,,,2,switch,,"Charger 2 (fid=307904) not available, trying Charger 3 (fid=307905)",1166.5653747385404,3,,
Car 514,,,,,19,switch,,"Charger 19 (fid=14) not available, trying Charger 9 (fid=3)",1166.667078043882,9,,
Car 447,,,,,14,switch,,"Charger 14 (fid=9) not available, trying Charger 15 (fid=10)",1166.721607721168,15,,
Car 558,,,,,10,switch,,"Charger 10 (fid=4) not available, trying Charger 5 (fid=5)",1166.7316769495603,5,,
Car 562,,,,72,,arrived,,arrived,1166.7845936259534,,,
Car 559,,,,,11,switch,,"Charger 11 (fid=6) not available, trying Charger 16 (fid=11)",1166.8207647810464,16,,
Car 542,,,,,4,switch,,"Charger 4 (fid=308108) not available, trying Charger 6 (fid=1)",1167.0109582816872,6,,
Car 448,,,,,13,switch,,"Charger 13 (fid=8) not available, trying Charger 19 (fid=14)",1167.4654309230964,19,,
Car 444,,,,,12,switch,,"Charger 12 (fid=7) not available, trying Charger 4 (fid=308108)",1167.4763373826545,4,,
Car 560,,,,,16,switch,,"Charger 16 (fid=11) not available, trying Charger 11 (fid=6)",1167.5419164973532,11,,
Car 525,,,,,0,switch,,"Charger 0 (fid=308440) not available, trying Charger 13 (fid=8)",1167.6453615296753,13,,
Car 436,92.0,308702,1,,,done,,done charging,1167.7734642897803,,,278.98134534169867
Car 502,,308702,1,,,start_charge,,starting to charge at Charger 1 (fid=308702),1167.7734642897803,,42.09975595414039,
Car 464,,,,,0,switch,,"Charger 0 (fid=308440) not available, trying Charger 14 (fid=9)",1167.7809379032617,14,,
Car 563,,,,55,,arrived,,arrived,1167.8248435336227,,,
Car 456,,,,,2,switch,,"Charger 2 (fid=307904) not available, trying Charger 3 (fid=307905)",1167.9781907371178,3,,
Car 462,,,,,6,switch,,"Charger 6 (fid=1) not available, trying Charger 17 (fid=12)",1167.9934931374623,17,,
Car 482,78.0,10,15,,,done,,done charging,1168.1304989722662,,,114.86945504744664
Car 536,,10,15,,,start_charge,,starting to charge at Charger 15 (fid=10),1168.1304989722662,,19.847173843710834,
Car 526,,,,,13,switch,,"Charger 13 (fid=8) not available, trying Charger 15 (fid=10)",1168.2389381406024,15,,
Car 494,,,,,2,switch,,"Charger 2 (fid=307904) not available, trying Charger 3 (fid=307905)",1168.2882081137361,3,,
Car 492,,,,,14,switch,,"Charger 14 (fid=9) not available, trying Charger 1 (fid=308702)",1168.4101674794417,1,,
Car 493,,,,,14,switch,,"Charger 14 (fid=9) not available, trying Charger 1 (fid=308702)",1168.438870903765,1,,
Car 409,,,,,7,switch,,"Charger 7 (fid=2) not available, trying Charger 8 (fid=91)",1168.4820455980048,8,,
Car 481,,,,,10,switch,,"Charger 10 (fid=4) not available, trying Charger 12 (fid=7)",1168.4859114913554,12,,
Car 487,,,,,0,switch,,"Charger 0 (fid=308440) not available, trying Charger 18 (fid=13)",1168.488207295844,18,,
Car 561,,,,,2,switch,,"Charger 2 (fid=307904) not available, trying Charger 3 (fid=307905)",1168.5695143775947,3,,
Car 564,,,,77,,arrived,,arrived,1168.7264351254867,,,
Car 546,,,,,16,switch,,"Charger 16 (fid=11) not available, trying Charger 11 (fid=6)",1168.7451494519046,11,,
Car 545,,,,,16,switch,,"Charger 16 (fid=11) not available, trying Charger 2 (fid=307904)",1168.7504749071331,2,,
Car 500,,,,,11,switch,,"Charger 11 (fid=6) not available, trying Charger 0 (fid=308440)",1168.764766712863,0,,
Car 509,,,,,18,switch,,"Charger 18 (fid=13) not available, trying Charger 1 (fid=308702)",1168.8661752332082,1,,
Car 543,,,,,11,switch,,"Charger 11 (fid=6) not available, trying Charger 16 (fid=11)",1168.9407431146146,16,,
Car 528,,,,,16,switch,,"Charger 16 (fid=11) not available, trying Charger 5 (fid=5)",1168.944577818119,5,,
Car 540,,,,,11,switch,,"Charger 11 (fid=6) not available, trying Charger 18 (fid=13)",1169.0075587582792,18,,
Car 501,,,,,11,switch,,"Charger 11 (fid=6) not available, trying Charger 9 (fid=3)",1169.0390195464638,9,,
Car 475,,,,,17,switch,,"Charger 17 (fid=12) not available, trying Charger 15 (fid=10)",1169.0413402499662,15,,
Car 474,,,,,0,switch,,"Charger 0 (fid=308440) not available, trying Charger 9 (fid=3)",1169.3350115054384,9,,
Car 476,,,,,2,switch,,"Charger 2 (fid=307904) not available, trying Charger 3 (fid=307905)",1169.6137079351672,3,,
Car 521,,,,,6,switch,,"Charger 6 (fid=1) not available, trying Charger 17 (fid=12)",1169.6378435119752,17,,
Car 554,,,,,13,switch,,"Charger 13 (fid=8) not available, trying Charger 14 (fid=9)",1169.752957142856,14,,
Car 565,,,,77,,arrived,,arrived,1169.839860025571,,,
Car 544,,,,,16,switch,,"Charger 16 (fid=11) not available, trying Charger 6 (fid=1)",1169.8856564113614,6,,
Car 497,,,,,2,switch,,"Charger 2 (fid=307904) not available, trying Charger 3 (fid=307905)",1169.9906438612497,3,,
Car 469,,,,,15,switch,,"Charger 15 (fid=10) not available, trying Charger 2 (fid=307904)",1170.1235677670734,2,,
Car 458,,,,,2,switch,,"Charger 2 (fid=307904) not available, trying Charger 3 (fid=307905)",1170.2805423309298,3,,
Car 415,,,,,20,switch,,"Charger 20 (fid=15) not available, trying Charger 7 (fid=2)",1170.4844586211002,7,,
Car 442,,,,,8,switch,,"Charger 8 (fid=91) not available, trying Charger 10 (fid=4)",1170.5304902990272,10,,
Car 478,,,,,12,switch,,"Charger 12 (fid=7) not available, trying Charger 10 (fid=4)",1170.6382978047604,10,,
Car 541,,,,,1,switch,,"Charger 1 (fid=308702) not available, trying Charger 14 (fid=9)",1170.6841774819288,14,,
Car 550,,,,,8,switch,,"Charger 8 (fid=91) not available, trying Charger 20 (fid=15)",1170.7879185866545,20,,
Car 470,,,,,2,switch,,"Charger 2 (fid=307904) not available, trying Charger 3 (fid=307905)",1170.8934613738786,3,,
Car 547,,,,,14,switch,,"Charger 14 (fid=9) not available, trying Charger 16 (fid=11)",1170.9799400379386,16,,
Car 412,,,,,15,switch,,"Charger 15 (fid=10) not available, trying Charger 10 (fid=4)",1171.0177146553215,10,,
Car 460,,,,,6,switch,,"Charger 6 (fid=1) not available, trying Charger 2 (fid=307904)",1171.0238383178128,2,,
Car 548,,,,,16,switch,,"Charger 16 (fid=11) not available, trying Charger 18 (fid=13)",1171.0384551195586,18,,
Car 504,,,,,14,switch,,"Charger 14 (fid=9) not available, trying Charger 6 (fid=1)",1171.111175188227,6,,
Car 485,,,,,16,switch,,"Charger 16 (fid=11) not available, trying Charger 19 (fid=14)",1171.1494904306333,19,,
Car 503,,,,,14,switch,,"Charger 14 (fid=9) not available, trying Charger 11 (fid=6)",1171.1722269027807,11,,
Car 522,,,,,19,switch,,"Charger 19 (fid=14) not available, trying Charger 16 (fid=11)",1171.4612292318614,16,,
Car 537,,,,,5,switch,,"Charger 5 (fid=5) not available, trying Charger 16 (fid=11)",1171.4814350045772,16,,
Car 517,,,,,8,switch,,"Charger 8 (fid=91) not available, trying Charger 11 (fid=6)",1171.4847432927581,11,,
Car 483,88.0,15,20,,,done,,done charging,1171.5857233124036,,,87.95860409475057
Car 539,,15,20,,,start_charge,,starting to charge at Charger 20 (fid=15),1171.5857233124036,,17.808795974667873,
Car 450,,,,,13,switch,,"Charger 13 (fid=8) not available, trying Charger 15 (fid=10)",1171.7297545494353,15,,
Car 562,,,,,19,switch,,"Charger 19 (fid=14) not available, trying Charger 0 (fid=308440)",1171.7845936259534,0,,
Car 449,,,,,3,switch,,"Charger 3 (fid=307905) not available, trying Charger 12 (fid=7)",1171.8290009201046,12,,
Car 499,,,,,6,switch,,"Charger 6 (fid=1) not available, trying Charger 17 (fid=12)",1171.872389368381,17,,
Car 532,,,,,16,switch,,"Charger 16 (fid=11) not available, trying Charger 10 (fid=4)",1171.913545782398,10,,
Car 398,87.0,1,6,,,done,,done charging,1172.0068524066603,,,605.873750552207
Car 564,,1,6,,,start_charge,,starting to charge at Charger 6 (fid=1),1172.0068524066603,,3.2804172811736407,
Car 519,,,,,19,switch,,"Charger 19 (fid=14) not available, trying Charger 1 (fid=308702)",1172.1904990572448,1,,
Car 511,,,,,14,switch,,"Charger 14 (fid=9) not available, trying Charger 11 (fid=6)",1172.2103350088216,11,,
Car 555,,,,,0,switch,,"Charger 0 (fid=308440) not available, trying Charger 16 (fid=11)",1172.2388339432246,16,,
Car 433,,,,,17,switch,,"Charger 17 (fid=12) not available, trying Charger 20 (fid=15)",1172.2399869539158,20,,
Car 438,,,,,9,switch,,"Charger 9 (fid=3) not available, trying Charger 7 (fid=2)",1172.3626137786073,7,,
Car 566,,,,12,,arrived,,arrived,1172.4371147112747,,,
Car 491,,,,,13,switch,,"Charger 13 (fid=8) not available, trying Charger 14 (fid=9)",1172.490832042329,14,,
Car 531,,,,,13,switch,,"Charger 13 (fid=8) not available, trying Charger 1 (fid=308702)",1172.567084283702,1,,
Car 558,,,,,5,switch,,"Charger 5 (fid=5) not available, trying Charger 14 (fid=9)",1172.6200769979484,14,,
Car 405,,,,,,gave_up,8,"no alternate charger available, gave up",1172.6327216607638,,,
Car 549,,,,,10,switch,,"Charger 10 (fid=4) not available, trying Charger 5 (fid=5)",1172.6542792054252,5,,
Car 552,,,,,16,switch,,"Charger 16 (fid=11) not available, trying Charger 18 (fid=13)",1172.7252114323182,18,,
Car 567,,,,66,,arrived,,arrived,1172.7694369089097,,,
Car 563,,,,,19,switch,,"Charger 19 (fid=14) not available, trying Charger 0 (fid=308440)",1172.8248435336227,0,,
Car 557,,,,,19,switch,,"Charger 19 (fid=14) not available, trying Charger 18 (fid=13)",1172.9498194348691,18,,
Car 421,118.0,10,15,,,done,,done charging,1172.9642150573227,,,275.97320930024534
Car 447,,10,15,,,start_charge,,starting to charge at Charger 15 (fid=10),1172.9642150573227,,79.70769597993808,
Car 527,,,,,0,switch,,"Charger 0 (fid=308440) not available, trying Charger 19 (fid=14)",1173.0097498335326,19,,
Car 551,,,,,16,switch,,"Charger 16 (fid=11) not available, trying Charger 2 (fid=307904)",1173.1318392046796,2,,
Car 489,,,,,10,switch,,"Charger 10 (fid=4) not available, trying Charger 6 (fid=1)",1173.1403334596646,6,,
Car 456,,,,,3,switch,,"Charger 3 (fid=307905) not available, trying Charger 18 (fid=13)",1173.241816918682,18,,
Car 520,,,,,16,switch,,"Charger 16 (fid=11) not available, trying Charger 13 (fid=8)",1173.2534115237004,13,,
Car 534,,,,,10,switch,,"Charger 10 (fid=4) not available, trying Charger 5 (fid=5)",1173.2771301777027,5,,
Car 533,,,,,2,switch,,"Charger 2 (fid=307904) not available, trying Charger 3 (fid=307905)",1173.3429976124933,3,,
Car 488,,,,,16,switch,,"Charger 16 (fid=11) not available, trying Charger 0 (fid=308440)",1173.4772080638415,0,,
Car 486,,,,,11,switch,,"Charger 11 (fid=6) not available, trying Charger 16 (fid=11)",1173.4776967719092,16,,
Car 494,,,,,3,switch,,"Charger 3 (fid=307905) not available, trying Charger 5 (fid=5)",1173.5518342953003,5,,
Car 513,,,,,11,switch,,"Charger 11 (fid=6) not available, trying Charger 8 (fid=91)",1173.6538389118018,8,,
Car 515,,,,,19,switch,,"Charger 19 (fid=14) not available, trying Charger 6 (fid=1)",1173.6977824045125,6,,
Car 535,,,,,13,switch,,"Charger 13 (fid=8) not available, trying Charger 15 (fid=10)",1173.7811214181718,15,,
Car 561,,,,,3,switch,,"Charger 3 (fid=307905) not available, trying Charger 6 (fid=1)",1173.833140559159,6,,
Car 430,,,,,17,switch,,"Charger 17 (fid=12) not available, trying Charger 20 (fid=15)",1173.8485196582242,20,,
Car 559,,,,,16,switch,,"Charger 16 (fid=11) not available, trying Charger 6 (fid=1)",1173.9851609144996,6,,
Car 473,,,,,12,switch,,"Charger 12 (fid=7) not available, trying Charger 9 (fid=3)",1174.063517176501,9,,
Car 444,,,,,4,switch,,"Charger 4 (fid=308108) not available, trying Charger 17 (fid=12)",1174.138666718085,17,,
Car 496,,,,,0,switch,,"Charger 0 (fid=308440) not available, trying Charger 18 (fid=13)",1174.148467499937,18,,
Car 530,,,,,14,switch,,"Charger 14 (fid=9) not available, trying Charger 11 (fid=6)",1174.2212670440704,11,,
Car 538,,,,,13,switch,,"Charger 13 (fid=8) not available, trying Charger 15 (fid=10)",1174.2242185179948,15,,
Car 568,,,,6,,arrived,,arrived,1174.4290713363512,,,
Car 556,,,,,5,switch,,"Charger 5 (fid=5) not available, trying Charger 10 (fid=4)",1174.4491524153786,10,,
Car 431,,,,,17,switch,,"Charger 17 (fid=12) not available, trying Charger 20 (fid=15)",1174.4584892327698,20,,
Car 526,,,,,15,switch,,"Charger 15 (fid=10) not available, trying Charger 19 (fid=14)",1174.6179231951935,19,,
Car 477,,,,,14,switch,,"Charger 14 (fid=9) not available, trying Charger 8 (fid=91)",1174.7015711200577,8,,
Car 560,,,,,11,switch,,"Charger 11 (fid=6) not available, trying Charger 19 (fid=14)",1174.7063126308065,19,,
Car 462,,,,,17,switch,,"Charger 17 (fid=12) not available, trying Charger 12 (fid=7)",1174.7640794882523,12,,
Car 389,120.0,4,10,,,done,,done charging,1174.8057554984784,,,449.1780267358966
Car 412,,4,10,,,start_charge,,starting to charge at Charger 10 (fid=4),1174.8057554984784,,90.55637907113135,
Car 565,,,,,6,switch,,"Charger 6 (fid=1) not available, trying Charger 12 (fid=7)",1174.839860025571,12,,
Car 542,,,,,6,switch,,"Charger 6 (fid=1) not available, trying Charger 2 (fid=307904)",1174.8623377726467,2,,
Car 476,,,,,3,switch,,"Charger 3 (fid=307905) not available, trying Charger 6 (fid=1)",1174.8773341167314,6,,
Car 553,,,,,11,switch,,"Charger 11 (fid=6) not available, trying Charger 16 (fid=11)",1175.0593048516653,16,,
Car 497,,,,,3,switch,,"Charger 3 (fid=307905) not available, trying Charger 10 (fid=4)",1175.254270042814,10,,
Car 409,,,,,,gave_up,8,"no alternate charger available, gave up",1175.3090367850334,,,
Car 484,52.0,308702,1,,,done,,done charging,1175.4121475123934,,,278.98134534169867
Car 509,,308702,1,,,start_charge,,starting to charge at Charger 1 (fid=308702),1175.4121475123934,,49.36278134132476,
Car 458,,,,,3,switch,,"Charger 3 (fid=307905) not available, trying Charger 18 (fid=13)",1175.544168512494,18,,
Car 487,,,,,18,switch,,"Charger 18 (fid=13) not available, trying Charger 9 (fid=3)",1175.715400515146,9,,
Car 546,,,,,11,switch,,"Charger 11 (fid=6) not available, trying Charger 2 (fid=307904)",1175.9095455853578,2,,
Car 471,,,,,12,switch,,"Charger 12 (fid=7) not available, trying Charger 9 (fid=3)",1176.095854189941,9,,
Car 543,,,,,16,switch,,"Charger 16 (fid=11) not available, trying Charger 2 (fid=307904)",1176.1051392480679,2,,
Car 470,,,,,3,switch,,"Charger 3 (fid=307905) not available, trying Charger 6 (fid=1)",1176.1570875554428,6,,
Car 554,,,,,14,switch,,"Charger 14 (fid=9) not available, trying Charger 10 (fid=4)",1176.1728616660828,10,,
Car 521,,,,,17,switch,,"Charger 17 (fid=12) not available, trying Charger 20 (fid=15)",1176.4084298627652,20,,
Car 453,,,,,15,switch,,"Charger 15 (fid=10) not available, trying Charger 12 (fid=7)",1176.765527836414,12,,
Car 454,106.0,308108,4,,,done,,done charging,1176.922077887568,,,252.25969385824664
Car 460,,,,,2,switch,,"Charger 2 (fid=307904) not available, trying Charger 3 (fid=307905)",1177.2136918791334,3,,
Car 510,,,,,9,switch,,"Charger 9 (fid=3) not available, trying Charger 11 (fid=6)",1177.262016338122,11,,
Car 448,,,,,19,switch,,"Charger 19 (fid=14) not available, trying Charger 10 (fid=4)",1177.3091491361517,10,,
Car 490,,,,,18,switch,,"Charger 18 (fid=13) not available, trying Charger 2 (fid=307904)",1177.354068228372,2,,
Car 566,,,,,17,switch,,"Charger 17 (fid=12) not available, trying Charger 2 (fid=307904)",1177.4371147112747,2,,
Car 569,,,,4,,arrived,,arrived,1177.4801108289416,,,
Car 545,,,,,2,switch,,"Charger 2 (fid=307904) not available, trying Charger 3 (fid=307905)",1177.56893353241,3,,
Car 464,,,,,14,switch,,"Charger 14 (fid=9) not available, trying Charger 9 (fid=3)",1177.59855200524,9,,
Car 528,,,,,5,switch,,"Charger 5 (fid=5) not available, trying Charger 9 (fid=3)",1177.6026057235938,9,,
Car 514,,,,,9,switch,,"Charger 9 (fid=3) not available, trying Charger 11 (fid=6)",1177.6913839527303,11,,
Car 567,,,,,15,switch,,"Charger 15 (fid=10) not available, trying Charger 14 (fid=9)",1177.7694369089097,14,,
Car 500,,,,,0,switch,,"Charger 0 (fid=308440) not available, trying Charger 18 (fid=13)",1177.933297701716,18,,
Car 450,,,,,15,switch,,"Charger 15 (fid=10) not available, trying Charger 12 (fid=7)",1178.1087396040264,12,,
Car 463,,,,,12,switch,,"Charger 12 (fid=7) not available, trying Charger 5 (fid=5)",1178.1347686268984,5,,
Car 525,,,,,13,switch,,"Charger 13 (fid=8) not available, trying Charger 15 (fid=10)",1178.2349978104378,15,,
Car 492,,,,,1,switch,,"Charger 1 (fid=308702) not available, trying Charger 12 (fid=7)",1178.331419214728,12,,
Car 493,,,,,1,switch,,"Charger 1 (fid=308702) not available, trying Charger 12 (fid=7)",1178.3601226390513,12,,
Car 562,,,,,0,switch,,"Charger 0 (fid=308440) not available, trying Charger 16 (fid=11)",1178.3789880878185,16,,
Car 485,,,,,19,switch,,"Charger 19 (fid=14) not available, trying Charger 14 (fid=9)",1178.3794226675705,14,,
Car 547,,,,,16,switch,,"Charger 16 (fid=11) not available, trying Charger 13 (fid=8)",1178.5098626057713,13,,
Car 549,,,,,5,switch,,"Charger 5 (fid=5) not available, trying Charger 13 (fid=8)",1178.5426792538133,13,,
Car 533,,,,,3,switch,,"Charger 3 (fid=307905) not available, trying Charger 18 (fid=13)",1178.6066237940574,18,,
Car 499,,,,,17,switch,,"Charger 17 (fid=12) not available, trying Charger 10 (fid=4)",1178.6429757191709,10,,
Car 544,,,,,6,switch,,"Charger 6 (fid=1) not available, trying Charger 20 (fid=15)",1178.643291391678,20,,
Car 522,,,,,16,switch,,"Charger 16 (fid=11) not available, trying Charger 13 (fid=8)",1178.6911614687986,13,,
Car 501,,,,,9,switch,,"Charger 9 (fid=3) not available, trying Charger 17 (fid=12)",1178.8338881825848,17,,
Car 491,,,,,14,switch,,"Charger 14 (fid=9) not available, trying Charger 6 (fid=1)",1178.9107365655557,6,,
Car 534,,,,,5,switch,,"Charger 5 (fid=5) not available, trying Charger 19 (fid=14)",1179.1655302260908,19,,
Car 563,,,,,0,switch,,"Charger 0 (fid=308440) not available, trying Charger 16 (fid=11)",1179.4192379954877,16,,
Car 449,,,,,12,switch,,"Charger 12 (fid=7) not available, trying Charger 4 (fid=308108)",1179.4245301636154,4,,
Car 568,,,,,11,switch,,"Charger 11 (fid=6) not available, trying Charger 16 (fid=11)",1179.4290713363512,16,,
Car 527,,,,,19,switch,,"Charger 19 (fid=14) not available, trying Charger 16 (fid=11)",1179.6041442953976,16,,
Car 415,,,,,7,switch,,"Charger 7 (fid=2) not available, trying Charger 8 (fid=91)",1179.696680537355,8,,
Car 540,,,,,18,switch,,"Charger 18 (fid=13) not available, trying Charger 2 (fid=307904)",1179.811971167547,2,,
Car 561,,,,,6,switch,,"Charger 6 (fid=1) not available, trying Charger 17 (fid=12)",1180.0393309521003,17,,
Car 570,,,,62,,arrived,,arrived,1180.0846900062477,,,
Car 537,,,,,16,switch,,"Charger 16 (fid=11) not available, trying Charger 19 (fid=14)",1180.139462910052,19,,
Car 535,,,,,15,switch,,"Charger 15 (fid=10) not available, trying Charger 19 (fid=14)",1180.160106472763,19,,
Car 555,,,,,16,switch,,"Charger 16 (fid=11) not available, trying Charger 18 (fid=13)",1180.214684247869,18,,
Car 406,,,,,1,switch,,"Charger 1 (fid=308702) not available, trying Charger 18 (fid=13)",1180.2504690923017,18,,
Car 556,,,,,10,switch,,"Charger 10 (fid=4) not available, trying Charger 18 (fid=13)",1180.3375524637668,18,,
Car 532,,,,,10,switch,,"Charger 10 (fid=4) not available, trying Charger 9 (fid=3)",1180.3655761208695,9,,
Car 503,,,,,11,switch,,"Charger 11 (fid=6) not available, trying Charger 2 (fid=307904)",1180.5881599003312,2,,
Car 538,,,,,15,switch,,"Charger 15 (fid=10) not available, trying Charger 19 (fid=14)",1180.603203572586,19,,
Car 541,,,,,14,switch,,"Charger 14 (fid=9) not available, trying Charger 16 (fid=11)",1180.605429217215,16,,
Car 550,,,,,20,switch,,"Charger 20 (fid=15) not available, trying Charger 12 (fid=7)",1180.607767786031,12,,
Car 548,,,,,18,switch,,"Charger 18 (fid=13) not available, trying Charger 11 (fid=6)",1180.6382230795214,11,,
Car 486,,,,,16,switch,,"Charger 16 (fid=11) not available, trying Charger 14 (fid=9)",1180.6420929053625,14,,
Car 481,,,,,12,switch,,"Charger 12 (fid=7) not available, trying Charger 5 (fid=5)",1180.9091454179766,5,,
Car 542,,,,,2,switch,,"Charger 2 (fid=307904) not available, trying Charger 3 (fid=307905)",1181.0521913339674,3,,
Car 476,,,,,6,switch,,"Charger 6 (fid=1) not available, trying Charger 17 (fid=12)",1181.0835245096728,17,,
Car 449,,308108,4,,,start_charge,,starting to charge at Charger 4 (fid=308108),1181.0868594990459,,80.0,
Car 474,,,,,9,switch,,"Charger 9 (fid=3) not available, trying Charger 14 (fid=9)",1181.158464173128,14,,
Car 557,,,,,18,switch,,"Charger 18 (fid=13) not available, trying Charger 11 (fid=6)",1181.1681315520527,11,,
Car 558,,,,,14,switch,,"Charger 14 (fid=9) not available, trying Charger 16 (fid=11)",1181.2735159062534,16,,
Car 519,,,,,1,switch,,"Charger 1 (fid=308702) not available, trying Charger 11 (fid=6)",1181.2920705825247,11,,
Car 475,,,,,15,switch,,"Charger 15 (fid=10) not available, trying Charger 7 (fid=2)",1181.3019580984376,7,,
Car 496,,,,,18,switch,,"Charger 18 (fid=13) not available, trying Charger 9 (fid=3)",1181.375660719239,9,,
Car 488,,,,,0,switch,,"Charger 0 (fid=308440) not available, trying Charger 9 (fid=3)",1181.453058368486,9,,
Car 440,113.0,307905,3,,,done,,done charging,1181.5590745934683,,,201.90547756079454
Car 460,,307905,3,,,start_charge,,starting to charge at Charger 3 (fid=307905),1181.5590745934683,,74.08175653277067,
Car 504,,,,,6,switch,,"Charger 6 (fid=1) not available, trying Charger 17 (fid=12)",1181.5904868494829,17,,
Car 511,,,,,11,switch,,"Charger 11 (fid=6) not available, trying Charger 18 (fid=13)",1181.6262680063721,18,,
Car 520,,,,,13,switch,,"Charger 13 (fid=8) not available, trying Charger 14 (fid=9)",1181.6625618091964,14,,
Car 469,,,,,2,switch,,"Charger 2 (fid=307904) not available, trying Charger 3 (fid=307905)",1181.7599730452941,3,,
Car 565,,,,,12,switch,,"Charger 12 (fid=7) not available, trying Charger 4 (fid=308108)",1181.764298913789,4,,
Car 551,,,,,2,switch,,"Charger 2 (fid=307904) not available, trying Charger 3 (fid=307905)",1181.9502978299565,3,,
Car 553,,,,,16,switch,,"Charger 16 (fid=11) not available, trying Charger 2 (fid=307904)",1182.2237009851185,2,,
Car 517,,,,,11,switch,,"Charger 11 (fid=6) not available, trying Charger 16 (fid=11)",1182.2301560826875,16,,
Car 571,,,,115,,arrived,,arrived,1182.2591967528133,,,
Car 552,,,,,18,switch,,"Charger 18 (fid=13) not available, trying Charger 1 (fid=308702)",1182.324979392281,1,,
Car 470,,,,,6,switch,,"Charger 6 (fid=1) not available, trying Charger 17 (fid=12)",1182.3632779483842,17,,
Car 531,,,,,1,switch,,"Charger 1 (fid=308702) not available, trying Charger 15 (fid=10)",1182.41623820769,15,,
Car 569,,,,,11,switch,,"Charger 11 (fid=6) not available, trying Charger 16 (fid=11)",1182.4801108289416,16,,
Car 572,,,,45,,arrived,,arrived,1182.4848399066348,,,
Car 559,,,,,6,switch,,"Charger 6 (fid=1) not available, trying Charger 2 (fid=307904)",1182.7427958948163,2,,
Car 545,,,,,3,switch,,"Charger 3 (fid=307905) not available, trying Charger 0 (fid=308440)",1182.8325597139742,0,,
Car 560,,,,,19,switch,,"Charger 19 (fid=14) not available, trying Charger 14 (fid=9)",1182.9171293845925,14,,
Car 462,,,,,12,switch,,"Charger 12 (fid=7) not available, trying Charger 9 (fid=3)",1182.9240046896116,9,,
Car 515,,,,,6,switch,,"Charger 6 (fid=1) not available, trying Charger 2 (fid=307904)",1183.0191198797163,2,,
Car 478,,,,,10,switch,,"Charger 10 (fid=4) not available, trying Charger 9 (fid=3)",1183.0615317313816,9,,
Car 433,,,,,20,switch,,"Charger 20 (fid=15) not available, trying Charger 7 (fid=2)",1183.1085170600165,7,,
Car 573,,,,53,,arrived,,arrived,1183.1523714075238,,,
Car 444,,,,,17,switch,,"Charger 17 (fid=12) not available, trying Charger 20 (fid=15)",1183.2255325221859,20,,
Car 530,,,,,11,switch,,"Charger 11 (fid=6) not available, trying Charger 10 (fid=4)",1183.6372000416209,10,,
Car 566,,,,,2,switch,,"Charger 2 (fid=307904) not available, trying Charger 3 (fid=307905)",1183.6564515263008,3,,
Car 438,,,,,7,switch,,"Charger 7 (fid=2) not available, trying Charger 4 (fid=308108)",1183.872399905384,4,,
Car 574,,,,9,,arrived,,arrived,1183.877234602697,,,
Car 546,,,,,2,switch,,"Charger 2 (fid=307904) not available, trying Charger 3 (fid=307905)",1184.2342298238173,3,,
Car 567,,,,,14,switch,,"Charger 14 (fid=9) not available, trying Charger 9 (fid=3)",1184.3043482651262,9,,
Car 456,,,,,18,switch,,"Charger 18 (fid=13) not available, trying Charger 12 (fid=7)",1184.3091159798598,12,,
Car 513,,,,,8,switch,,"Charger 8 (fid=91) not available, trying Charger 16 (fid=11)",1184.3992517017311,16,,
Car 554,,,,,10,switch,,"Charger 10 (fid=4) not available, trying Charger 16 (fid=11)",1184.445442906744,16,,
Car 526,,,,,19,switch,,"Charger 19 (fid=14) not available, trying Charger 1 (fid=308702)",1184.5766482412387,1,,
Car 525,,,,,15,switch,,"Charger 15 (fid=10) not available, trying Charger 16 (fid=11)",1184.613982865029,16,,
Car 575,,,,33,,arrived,,arrived,1184.6226232077813,,,
Car 430,,,,,20,switch,,"Charger 20 (fid=15) not available, trying Charger 7 (fid=2)",1184.7170497643249,7,,
Car 442,,,,,10,switch,,"Charger 10 (fid=4) not available, trying Charger 15 (fid=10)",1184.7710501787442,15,,
Car 473,,,,,9,switch,,"Charger 9 (fid=3) not available, trying Charger 8 (fid=91)",1184.837274712907,8,,
Car 543,,,,,2,switch,,"Charger 2 (fid=307904) not available, trying Charger 3 (fid=307905)",1184.9235978733448,3,,
Car 489,,,,,6,switch,,"Charger 6 (fid=1) not available, trying Charger 17 (fid=12)",1185.0780286757035,17,,
Car 570,,,,,16,switch,,"Charger 16 (fid=11) not available, trying Charger 11 (fid=6)",1185.0846900062477,11,,
Car 500,,,,,18,switch,,"Charger 18 (fid=13) not available, trying Charger 9 (fid=3)",1185.160490921018,9,,
Car 431,,,,,20,switch,,"Charger 20 (fid=15) not available, trying Charger 7 (fid=2)",1185.3270193388705,7,,
Car 576,,,,57,,arrived,,arrived,1185.510992520417,,,
Car 426,57.0,7,12,,,done,,done charging,1185.6407376929485,,,513.1697629053026
Car 453,,7,12,,,start_charge,,starting to charge at Charger 12 (fid=7),1185.6407376929485,,77.7147085011286,
Car 494,,,,,5,switch,,"Charger 5 (fid=5) not available, trying Charger 13 (fid=8)",1185.7314779672222,13,,
Car 542,,,,,3,switch,,"Charger 3 (fid=307905) not available, trying Charger 16 (fid=11)",1186.3158175155315,16,,
Car 562,,,,,16,switch,,"Charger 16 (fid=11) not available, trying Charger 18 (fid=13)",1186.3548383924629,18,,
Car 549,,,,,13,switch,,"Charger 13 (fid=8) not available, trying Charger 15 (fid=10)",1186.478047193433,15,,
Car 415,,,,,,gave_up,8,"no alternate charger available, gave up",1186.5236717243836,,,
Car 568,,,,,16,switch,,"Charger 16 (fid=11) not available, trying Charger 19 (fid=14)",1186.5934674698044,19,,
Car 458,,,,,18,switch,,"Charger 18 (fid=13) not available, trying Charger 12 (fid=7)",1186.611467573672,12,,
Car 464,,,,,9,switch,,"Charger 9 (fid=3) not available, trying Charger 15 (fid=10)",1186.6863053064553,15,,
Car 561,,,,,17,switch,,"Charger 17 (fid=12) not available, trying Charger 0 (fid=308440)",1186.8099173028902,0,,
Car 527,,,,,16,switch,,"Charger 16 (fid=11) not available, trying Charger 13 (fid=8)",1186.8340765323348,13,,
Car 471,,,,,9,switch,,"Charger 9 (fid=3) not available, trying Charger 8 (fid=91)",1186.869611726347,8,,
Car 448,,,,,10,switch,,"Charger 10 (fid=4) not available, trying Charger 0 (fid=308440)",1186.9144168119083,0,,
Car 547,,,,,13,switch,,"Charger 13 (fid=8) not available, trying Charger 1 (fid=308702)",1186.9190128912674,1,,
Car 469,,,,,3,switch,,"Charger 3 (fid=307905) not available, trying Charger 6 (fid=1)",1187.0235992268583,6,,
Car 510,,,,,11,switch,,"Charger 11 (fid=6) not available, trying Charger 0 (fid=308440)",1187.056884974243,0,,
Car 522,,,,,13,switch,,"Charger 13 (fid=8) not available, trying Charger 15 (fid=10)",1187.1003117542946,15,,
Car 477,,,,,8,switch,,"Charger 8 (fid=91) not available, trying Charger 15 (fid=10)",1187.1335785544852,15,,
Car 551,,,,,3,switch,,"Charger 3 (fid=307905) not available, trying Charger 0 (fid=308440)",1187.2139240115207,0,,
Car 497,,,,,10,switch,,"Charger 10 (fid=4) not available, trying Charger 5 (fid=5)",1187.2279161477325,5,,
Car 571,,,,,0,switch,,"Charger 0 (fid=308440) not available, trying Charger 19 (fid=14)",1187.2591967528133,19,,
Car 521,,,,,20,switch,,"Charger 20 (fid=15) not available, trying Charger 11 (fid=6)",1187.2769599688659,11,,
Car 537,,,,,19,switch,,"Charger 19 (fid=14) not available, trying Charger 1 (fid=308702)",1187.3693951469893,1,,
Car 563,,,,,16,switch,,"Charger 16 (fid=11) not available, trying Charger 18 (fid=13)",1187.395088300132,18,,
Car 406,,,,,,gave_up,18,"no alternate charger available, gave up",1187.4336600301622,,,
Car 485,,,,,14,switch,,"Charger 14 (fid=9) not available, trying Charger 9 (fid=3)",1187.4511187018416,9,,
Car 572,,,,,16,switch,,"Charger 16 (fid=11) not available, trying Charger 11 (fid=6)",1187.4848399066348,11,,
Car 514,,,,,11,switch,,"Charger 11 (fid=6) not available, trying Charger 0 (fid=308440)",1187.4862525888514,0,,
Car 476,,,,,17,switch,,"Charger 17 (fid=12) not available, trying Charger 12 (fid=7)",1187.8541108604627,12,,
Car 520,,,,,14,switch,,"Charger 14 (fid=9) not available, trying Charger 11 (fid=6)",1188.082466332423,11,,
Car 541,,,,,16,switch,,"Charger 16 (fid=11) not available, trying Charger 15 (fid=10)",1188.1353517850478,15,,
Car 573,,,,,20,switch,,"Charger 20 (fid=15) not available, trying Charger 12 (fid=7)",1188.1523714075238,12,,
Car 498,77.0,11,16,,,done,,done charging,1188.1526220783264,,,191.44062058990966
Car 558,,11,16,,,start_charge,,starting to charge at Charger 16 (fid=11),1188.1526220783264,,19.349183604240352,
Car 486,,,,,14,switch,,"Charger 14 (fid=9) not available, trying Charger 19 (fid=14)",1188.1720154731952,19,,
Car 544,,,,,20,switch,,"Charger 20 (fid=15) not available, trying Charger 15 (fid=10)",1188.2763351846374,15,,
Car 504,,,,,17,switch,,"Charger 17 (fid=12) not available, trying Charger 10 (fid=4)",1188.3610732002728,10,,
Car 490,,,,,2,switch,,"Charger 2 (fid=307904) not available, trying Charger 3 (fid=307905)",1188.405030457929,3,,
Car 565,,,,,4,switch,,"Charger 4 (fid=308108) not available, trying Charger 16 (fid=11)",1188.4266282492194,16,,
Car 443,111.0,8,13,,,done,,done charging,1188.8404102292454,,,256.65922920030073
Car 494,,8,13,,,start_charge,,starting to charge at Charger 13 (fid=8),1188.8404102292454,,55.173564322403536,
Car 574,,,,,14,switch,,"Charger 14 (fid=9) not available, trying Charger 13 (fid=8)",1188.877234602697,13,,
Car 503,,,,,2,switch,,"Charger 2 (fid=307904) not available, trying Charger 3 (fid=307905)",1188.9128441387907,3,,
Car 566,,,,,3,switch,,"Charger 3 (fid=307905) not available, trying Charger 6 (fid=1)",1188.920077707865,6,,
Car 559,,,,,2,switch,,"Charger 2 (fid=307904) not available, trying Charger 3 (fid=307905)",1188.932649456137,3,,
Car 534,,,,,19,switch,,"Charger 19 (fid=14) not available, trying Charger 9 (fid=3)",1188.9767954688507,9,,
Car 470,,,,,17,switch,,"Charger 17 (fid=12) not available, trying Charger 12 (fid=7)",1189.133864299174,12,,
Car 487,,,,,9,switch,,"Charger 9 (fid=3) not available, trying Charger 6 (fid=1)",1189.162770838154,6,,
Car 515,,,,,2,switch,,"Charger 2 (fid=307904) not available, trying Charger 3 (fid=307905)",1189.208973441037,3,,
Car 450,,,,,12,switch,,"Charger 12 (fid=7) not available, trying Charger 9 (fid=3)",1189.2692409594322,9,,
Car 491,,,,,6,switch,,"Charger 6 (fid=1) not available, trying Charger 17 (fid=12)",1189.3900482268116,17,,
Car 517,,,,,16,switch,,"Charger 16 (fid=11) not available, trying Charger 19 (fid=14)",1189.3945522161407,19,,
Car 528,,,,,9,switch,,"Charger 9 (fid=3) not available, trying Charger 19 (fid=14)",1189.3980993945058,19,,
Car 546,,,,,3,switch,,"Charger 3 (fid=307905) not available, trying Charger 18 (fid=13)",1189.4978560053814,18,,
Car 552,,,,,1,switch,,"Charger 1 (fid=308702) not available, trying Charger 14 (fid=9)",1189.5081703301414,14,,
Car 577,,,,63,,arrived,,arrived,1189.5247858867012,,,
Car 575,,,,,1,switch,,"Charger 1 (fid=308702) not available, trying Charger 18 (fid=13)",1189.6226232077813,18,,
Car 569,,,,,16,switch,,"Charger 16 (fid=11) not available, trying Charger 6 (fid=1)",1189.6445069623949,6,,
Car 533,,,,,18,switch,,"Charger 18 (fid=13) not available, trying Charger 1 (fid=308702)",1189.6739228552353,1,,
Car 550,,,,,12,switch,,"Charger 12 (fid=7) not available, trying Charger 6 (fid=1)",1189.7021152501002,6,,
Car 555,,,,,18,switch,,"Charger 18 (fid=13) not available, trying Charger 11 (fid=6)",1189.8144522078317,11,,
Car 535,,,,,19,switch,,"Charger 19 (fid=14) not available, trying Charger 1 (fid=308702)",1190.118831518808,1,,
Car 543,,,,,3,switch,,"Charger 3 (fid=307905) not available, trying Charger 18 (fid=13)",1190.187224054909,18,,
Car 474,,,,,14,switch,,"Charger 14 (fid=9) not available, trying Charger 15 (fid=10)",1190.2462174743434,15,,
Car 578,,,,56,,arrived,,arrived,1190.3054930431585,,,
Car 438,,,,,4,switch,,"Charger 4 (fid=308108) not available, trying Charger 8 (fid=91)",1190.4751843053434,8,,
Car 556,,,,,18,switch,,"Charger 18 (fid=13) not available, trying Charger 0 (fid=308440)",1190.504822969651,0,,
Car 576,,,,,19,switch,,"Charger 19 (fid=14) not available, trying Charger 0 (fid=308440)",1190.510992520417,0,,
Car 538,,,,,19,switch,,"Charger 19 (fid=14) not available, trying Charger 1 (fid=308702)",1190.561928618631,1,,
Car 579,,,,15,,arrived,,arrived,1190.5874300720673,,,
Car 463,,,,,5,switch,,"Charger 5 (fid=5) not available, trying Charger 13 (fid=8)",1190.764000120523,13,,
Car 492,,,,,12,switch,,"Charger 12 (fid=7) not available, trying Charger 9 (fid=3)",1190.802554742234,9,,
Car 493,,,,,12,switch,,"Charger 12 (fid=7) not available, trying Charger 9 (fid=3)",1190.8312581665573,9,,
Car 540,,,,,2,switch,,"Charger 2 (fid=307904) not available, trying Charger 3 (fid=307905)",1190.862933397104,3,,
Car 501,,,,,17,switch,,"Charger 17 (fid=12) not available, trying Charger 15 (fid=10)",1190.9033406454464,15,,
Car 553,,,,,2,switch,,"Charger 2 (fid=307904) not available, trying Charger 3 (fid=307905)",1191.0421596103954,3,,
Car 548,,,,,11,switch,,"Charger 11 (fid=6) not available, trying Charger 1 (fid=308702)",1191.4426354887892,1,,
Car 519,,,,,11,switch,,"Charger 11 (fid=6) not available, trying Charger 0 (fid=308440)",1191.5091824236736,0,,
Car 499,,,,,10,switch,,"Charger 10 (fid=4) not available, trying Charger 5 (fid=5)",1191.5723324575515,5,,
Car 507,69.0,91,8,,,done,,done charging,1191.70142532864,,,204.55368858070264
Car 489,,,,,17,switch,,"Charger 17 (fid=12) not available, trying Charger 5 (fid=5)",1191.8486150264935,5,,
Car 473,,91,8,,,start_charge,,starting to charge at Charger 8 (fid=91),1191.9546881228055,,65.0,
Car 532,,,,,9,switch,,"Charger 9 (fid=3) not available, trying Charger 19 (fid=14)",1191.9550722247782,19,,
Car 557,,,,,11,switch,,"Charger 11 (fid=6) not available, trying Charger 16 (fid=11)",1191.9725439613205,16,,
Car 560,,,,,14,switch,,"Charger 14 (fid=9) not available, trying Charger 0 (fid=308440)",1191.9888254188636,0,,
Car 545,,,,,0,switch,,"Charger 0 (fid=308440) not available, trying Charger 6 (fid=1)",1192.1853840444883,6,,
Car 570,,,,,11,switch,,"Charger 11 (fid=6) not available, trying Charger 14 (fid=9)",1192.249086139701,14,,
Car 433,,,,,7,switch,,"Charger 7 (fid=2) not available, trying Charger 8 (fid=91)",1192.3207389762713,8,,
Car 511,,,,,18,switch,,"Charger 18 (fid=13) not available, trying Charger 13 (fid=8)",1192.43068041564,13,,
Car 549,,,,,15,switch,,"Charger 15 (fid=10) not available, trying Charger 19 (fid=14)",1192.857032248024,19,,
Car 554,,,,,16,switch,,"Charger 16 (fid=11) not available, trying Charger 5 (fid=5)",1192.8974732452155,5,,
Car 525,,,,,16,switch,,"Charger 16 (fid=11) not available, trying Charger 19 (fid=14)",1192.9222005544902,19,,
Car 442,,,,,15,switch,,"Charger 15 (fid=10) not available, trying Charger 7 (fid=2)",1193.0027119507697,7,,
Car 531,,,,,15,switch,,"Charger 15 (fid=10) not available, trying Charger 19 (fid=14)",1193.031749084331,19,,
Car 497,,,,,5,switch,,"Charger 5 (fid=5) not available, trying Charger 0 (fid=308440)",1193.1163161961206,0,,
Car 469,,,,,6,switch,,"Charger 6 (fid=1) not available, trying Charger 17 (fid=12)",1193.2297896197997,17,,
Car 488,,,,,9,switch,,"Charger 9 (fid=3) not available, trying Charger 14 (fid=9)",1193.2765110361756,14,,
Car 567,,,,,9,switch,,"Charger 9 (fid=3) not available, trying Charger 13 (fid=8)",1193.3921015663416,13,,
Car 522,,,,,15,switch,,"Charger 15 (fid=10) not available, trying Charger 14 (fid=9)",1193.4792968088857,14,,
Car 481,,,,,5,switch,,"Charger 5 (fid=5) not available, trying Charger 0 (fid=308440)",1193.538376911601,0,,
Car 490,,,,,3,switch,,"Charger 3 (fid=307905) not available, trying Charger 6 (fid=1)",1193.668656639493,6,,
Car 475,,,,,7,switch,,"Charger 7 (fid=2) not available, trying Charger 13 (fid=8)",1193.6721581238173,13,,
Car 526,,,,,1,switch,,"Charger 1 (fid=308702) not available, trying Charger 11 (fid=6)",1193.6782197665186,11,,
Car 462,,,,,9,switch,,"Charger 9 (fid=3) not available, trying Charger 7 (fid=2)",1193.6977622260176,7,,
Car 568,,,,,19,switch,,"Charger 19 (fid=14) not available, trying Charger 6 (fid=1)",1193.8233997067416,6,,
Car 571,,,,,19,switch,,"Charger 19 (fid=14) not available, trying Charger 18 (fid=13)",1193.8535912146783,18,,
Car 430,,,,,7,switch,,"Charger 7 (fid=2) not available, trying Charger 8 (fid=91)",1193.9292716805796,8,,
Car 530,,,,,10,switch,,"Charger 10 (fid=4) not available, trying Charger 5 (fid=5)",1193.965227581546,5,,
Car 444,,,,,20,switch,,"Charger 20 (fid=15) not available, trying Charger 7 (fid=2)",1194.0940626282866,7,,
Car 461,113.0,308440,0,,,done,,done charging,1194.1471287966342,,,203.64786556725295
Car 510,,308440,0,,,start_charge,,starting to charge at Charger 0 (fid=308440),1194.1471287966342,,52.92171283353832,
Car 503,,,,,3,switch,,"Charger 3 (fid=307905) not available, trying Charger 6 (fid=1)",1194.1764703203548,6,,
Car 559,,,,,3,switch,,"Charger 3 (fid=307905) not available, trying Charger 12 (fid=7)",1194.196275637701,12,,
Car 515,,,,,3,switch,,"Charger 3 (fid=307905) not available, trying Charger 12 (fid=7)",1194.4725996226011,12,,
Car 577,,,,,10,switch,,"Charger 10 (fid=4) not available, trying Charger 5 (fid=5)",1194.5247858867012,5,,
Car 431,,,,,7,switch,,"Charger 7 (fid=2) not available, trying Charger 8 (fid=91)",1194.5392412551253,8,,
Car 572,,,,,11,switch,,"Charger 11 (fid=6) not available, trying Charger 14 (fid=9)",1194.649236040088,14,,
Car 478,,,,,9,switch,,"Charger 9 (fid=3) not available, trying Charger 8 (fid=91)",1194.6510278352903,8,,
Car 496,,,,,9,switch,,"Charger 9 (fid=3) not available, trying Charger 6 (fid=1)",1194.823031042247,6,,
Car 457,89.0,8,13,,,done,,done charging,1194.9930518600072,,,272.6512927581114
Car 527,,8,13,,,start_charge,,starting to charge at Charger 13 (fid=8),1194.9930518600072,,39.749825042176326,
Car 566,,,,,6,switch,,"Charger 6 (fid=1) not available, trying Charger 12 (fid=7)",1195.1262681008063,12,,
Car 542,,,,,16,switch,,"Charger 16 (fid=11) not available, trying Charger 9 (fid=3)",1195.1506129724294,9,,
Car 506,61.0,9,14,,,done,,done charging,1195.2410089761454,,,195.0691119967155
Car 552,,9,14,,,start_charge,,starting to charge at Charger 14 (fid=9),1195.2410089761454,,25.81158691071778,
Car 574,,,,,13,switch,,"Charger 13 (fid=8) not available, trying Charger 15 (fid=10)",1195.2971391259236,15,,
Car 578,,,,,19,switch,,"Charger 19 (fid=14) not available, trying Charger 0 (fid=308440)",1195.3054930431585,0,,
Car 467,86.0,1,6,,,done,,done charging,1195.3401432539408,,,260.4247627572493
Car 550,,1,6,,,start_charge,,starting to charge at Charger 6 (fid=1),1195.3401432539408,,28.713589115622653,
Car 513,,,,,16,switch,,"Charger 16 (fid=11) not available, trying Charger 7 (fid=2)",1195.5856159832733,7,,
Car 579,,,,,19,switch,,"Charger 19 (fid=14) not available, trying Charger 0 (fid=308440)",1195.5874300720673,0,,
Car 562,,,,,18,switch,,"Charger 18 (fid=13) not available, trying Charger 11 (fid=6)",1195.9546063524256,11,,
Car 476,,,,,12,switch,,"Charger 12 (fid=7) not available, trying Charger 9 (fid=3)",1196.014036061822,9,,
Car 540,,,,,3,switch,,"Charger 3 (fid=307905) not available, trying Charger 14 (fid=9)",1196.126559578668,14,,
Car 491,,,,,17,switch,,"Charger 17 (fid=12) not available, trying Charger 15 (fid=10)",1196.1606345776015,15,,
Car 464,,,,,15,switch,,"Charger 15 (fid=10) not available, trying Charger 13 (fid=8)",1196.2863292287145,13,,
Car 553,,,,,3,switch,,"Charger 3 (fid=307905) not available, trying Charger 6 (fid=1)",1196.3057857919596,6,,
Car 580,,,,4,,arrived,,arrived,1196.3060154949371,,,
Car 541,,,,,15,switch,,"Charger 15 (fid=10) not available, trying Charger 19 (fid=14)",1196.443569474509,19,,
Car 537,,,,,1,switch,,"Charger 1 (fid=308702) not available, trying Charger 9 (fid=3)",1196.4709666722692,9,,
Car 485,,,,,9,switch,,"Charger 9 (fid=3) not available, trying Charger 15 (fid=10)",1196.538872003057,15,,
Car 551,,,,,0,switch,,"Charger 0 (fid=308440) not available, trying Charger 6 (fid=1)",1196.5667483420348,6,,
Car 517,,,,,19,switch,,"Charger 19 (fid=14) not available, trying Charger 20 (fid=15)",1196.624484453078,20,,
Car 514,,,,,0,switch,,"Charger 0 (fid=308440) not available, trying Charger 1 (fid=308702)",1196.6547835777042,1,,
Car 581,,,,28,,arrived,,arrived,1196.6615958025338,,,
Car 547,,,,,1,switch,,"Charger 1 (fid=308702) not available, trying Charger 15 (fid=10)",1196.7681668152554,15,,
Car 474,,,,,15,switch,,"Charger 15 (fid=10) not available, trying Charger 13 (fid=8)",1196.78112883056,13,,
Car 575,,,,,18,switch,,"Charger 18 (fid=13) not available, trying Charger 0 (fid=308440)",1196.8058141456418,0,,
Car 533,,,,,1,switch,,"Charger 1 (fid=308702) not available, trying Charger 14 (fid=9)",1196.8571137930958,14,,
Car 563,,,,,18,switch,,"Charger 18 (fid=13) not available, trying Charger 1 (fid=308702)",1196.9948562600948,1,,
Car 576,,,,,0,switch,,"Charger 0 (fid=308440) not available, trying Charger 16 (fid=11)",1197.105386982282,16,,
Car 561,,,,,0,switch,,"Charger 0 (fid=308440) not available, trying Charger 12 (fid=7)",1197.1184522668661,12,,
Car 486,,,,,19,switch,,"Charger 19 (fid=14) not available, trying Charger 15 (fid=10)",1197.2437115074663,15,,
Car 573,,,,,12,switch,,"Charger 12 (fid=7) not available, trying Charger 4 (fid=308108)",1197.246718871593,4,,
Car 448,,,,,0,switch,,"Charger 0 (fid=308440) not available, trying Charger 5 (fid=5)",1197.265602555372,5,,
Car 470,,,,,12,switch,,"Charger 12 (fid=7) not available, trying Charger 9 (fid=3)",1197.2937895005334,9,,
Car 456,,,,,12,switch,,"Charger 12 (fid=7) not available, trying Charger 4 (fid=308108)",1197.3675520754846,4,,
Car 499,,,,,5,switch,,"Charger 5 (fid=5) not available, trying Charger 13 (fid=8)",1197.4607325059396,13,,
Car 520,,,,,11,switch,,"Charger 11 (fid=6) not available, trying Charger 15 (fid=10)",1197.4983993299736,15,,
Car 438,,,,,8,switch,,"Charger 8 (fid=91) not available, trying Charger 20 (fid=15)",1197.6855959884244,20,,
Car 556,,,,,0,switch,,"Charger 0 (fid=308440) not available, trying Charger 16 (fid=11)",1197.7320161889531,16,,
Car 521,,,,,11,switch,,"Charger 11 (fid=6) not available, trying Charger 19 (fid=14)",1198.0053987701556,19,,
Car 569,,,,,6,switch,,"Charger 6 (fid=1) not available, trying Charger 2 (fid=307904)",1198.4021419427115,2,,
Car 565,,,,,16,switch,,"Charger 16 (fid=11) not available, trying Charger 2 (fid=307904)",1198.5483979526612,2,,
Car 500,,,,,9,switch,,"Charger 9 (fid=3) not available, trying Charger 6 (fid=1)",1198.607861244026,6,,
Car 463,,,,,13,switch,,"Charger 13 (fid=8) not available, trying Charger 15 (fid=10)",1198.6993680601427,15,,
Car 582,,,,37,,arrived,,arrived,1198.8937186603994,,,
Car 471,,,,,8,switch,,"Charger 8 (fid=91) not available, trying Charger 10 (fid=4)",1198.9870251362456,10,,
Car 557,,,,,16,switch,,"Charger 16 (fid=11) not available, trying Charger 2 (fid=307904)",1199.1369400947738,2,,
Car 433,,,,,,gave_up,8,"no alternate charger available, gave up",1199.1477301633,,,
Car 535,,,,,1,switch,,"Charger 1 (fid=308702) not available, trying Charger 11 (fid=6)",1199.220403044088,11,,
Car 411,52.0,2,7,,,done,,done charging,1199.319144301724,,,771.0217526470597
Car 444,,2,7,,,start_charge,,starting to charge at Charger 7 (fid=2),1199.319144301724,,86.0128597571827,
Car 538,,,,,1,switch,,"Charger 1 (fid=308702) not available, trying Charger 11 (fid=6)",1199.663500143911,11,,
Car 458,,,,,12,switch,,"Charger 12 (fid=7) not available, trying Charger 4 (fid=308108)",1199.6699036692967,4,,
Car 516,79.0,14,19,,,done,,done charging,1199.6792363672964,,,85.30039500617937
Car 525,,14,19,,,start_charge,,starting to charge at Charger 19 (fid=14),1199.6792363672964,,44.52710357586898,
Car 530,,,,,5,switch,,"Charger 5 (fid=5) not available, trying Charger 13 (fid=8)",1199.8536276299342,13,,
Car 490,,,,,6,switch,,"Charger 6 (fid=1) not available, trying Charger 17 (fid=12)",1199.8748470324344,17,,
Car 544,,,,,15,switch,,"Charger 15 (fid=10) not available, trying Charger 12 (fid=7)",1199.959948917136,12,,
Car 487,,,,,6,switch,,"Charger 6 (fid=1) not available, trying Charger 2 (fid=307904)",1199.9967369878743,2,,
Car 469,,,,,17,switch,,"Charger 17 (fid=12) not available, trying Charger 12 (fid=7)",1200.0003759705896,12,,
Car 534,,,,,9,switch,,"Charger 9 (fid=3) not available, trying Charger 11 (fid=6)",1200.0011013776991,11,,
Car 522,,,,,14,switch,,"Charger 14 (fid=9) not available, trying Charger 11 (fid=6)",1200.0142081651022,11,,
Car 450,,,,,9,switch,,"Charger 9 (fid=3) not available, trying Charger 8 (fid=91)",1200.0429984958382,8,,
Car 477,,,,,15,switch,,"Charger 15 (fid=10) not available, trying Charger 13 (fid=8)",1200.1114058629869,13,,
Car 503,,,,,6,switch,,"Charger 6 (fid=1) not available, trying Charger 17 (fid=12)",1200.3826607132962,17,,
Car 577,,,,,5,switch,,"Charger 5 (fid=5) not available, trying Charger 13 (fid=8)",1200.4131859350894,13,,
Car 528,,,,,19,switch,,"Charger 19 (fid=14) not available, trying Charger 11 (fid=6)",1200.4224053033543,11,,
Car 546,,,,,18,switch,,"Charger 18 (fid=13) not available, trying Charger 6 (fid=1)",1200.5651550665593,6,,
Car 555,,,,,11,switch,,"Charger 11 (fid=6) not available, trying Charger 1 (fid=308702)",1200.6188646170995,1,,
Car 519,,,,,0,switch,,"Charger 0 (fid=308440) not available, trying Charger 9 (fid=3)",1200.6777134125264,9,,
Car 430,,,,,,gave_up,8,"no alternate charger available, gave up",1200.7562628676083,,,
Car 425,48.0,308108,4,,,done,,done charging,1200.9337718215072,,,556.0036556422274
Car 573,,308108,4,,,start_charge,,starting to charge at Charger 4 (fid=308108),1200.9337718215072,,12.024723614483719,
Car 543,,,,,18,switch,,"Charger 18 (fid=13) not available, trying Charger 6 (fid=1)",1201.2545231160868,6,,
Car 504,,,,,10,switch,,"Charger 10 (fid=4) not available, trying Charger 5 (fid=5)",1201.2904299386535,5,,
Car 580,,,,,10,switch,,"Charger 10 (fid=4) not available, trying Charger 5 (fid=5)",1201.3060154949371,5,,
Car 431,,,,,,gave_up,8,"no alternate charger available, gave up",1201.366232442154,,,
Car 583,,,,61,,arrived,,arrived,1201.372362695398,,,
Car 479,96.0,3,9,,,done,,done charging,1201.4208949803838,,,250.00603750409743
Car 492,,3,9,,,start_charge,,starting to charge at Charger 9 (fid=3),1201.4208949803838,,64.84458270174378,
Car 554,,,,,5,switch,,"Charger 5 (fid=5) not available, trying Charger 9 (fid=3)",1201.5555011506904,9,,
Car 493,,,,,9,switch,,"Charger 9 (fid=3) not available, trying Charger 8 (fid=91)",1201.6050157029633,8,,
Car 548,,,,,1,switch,,"Charger 1 (fid=308702) not available, trying Charger 2 (fid=307904)",1201.659747329938,2,,
Car 581,,,,,19,switch,,"Charger 19 (fid=14) not available, trying Charger 0 (fid=308440)",1201.6615958025338,0,,
Car 570,,,,,14,switch,,"Charger 14 (fid=9) not available, trying Charger 9 (fid=3)",1201.6650191372514,9,,
Car 574,,,,,15,switch,,"Charger 15 (fid=10) not available, trying Charger 16 (fid=11)",1201.6761241805148,16,,
Car 584,,,,90,,arrived,,arrived,1201.7858924314305,,,
Car 559,,,,,12,switch,,"Charger 12 (fid=7) not available, trying Charger 17 (fid=12)",1201.7918048812119,17,,
Car 560,,,,,0,switch,,"Charger 0 (fid=308440) not available, trying Charger 15 (fid=10)",1201.8064395208419,15,,
Car 578,,,,,0,switch,,"Charger 0 (fid=308440) not available, trying Charger 16 (fid=11)",1201.8998875050236,16,,
Car 566,,,,,12,switch,,"Charger 12 (fid=7) not available, trying Charger 8 (fid=91)",1202.0507069890243,8,,
Car 515,,,,,12,switch,,"Charger 12 (fid=7) not available, trying Charger 4 (fid=308108)",1202.068128866112,4,,
Car 571,,,,,18,switch,,"Charger 18 (fid=13) not available, trying Charger 16 (fid=11)",1202.071903331862,16,,
Car 579,,,,,0,switch,,"Charger 0 (fid=308440) not available, trying Charger 11 (fid=6)",1202.1818245339323,11,,
Car 488,,,,,14,switch,,"Charger 14 (fid=9) not available, trying Charger 15 (fid=10)",1202.364264337391,15,,
Car 545,,,,,6,switch,,"Charger 6 (fid=1) not available, trying Charger 17 (fid=12)",1202.4644357547588,17,,
Car 553,,,,,6,switch,,"Charger 6 (fid=1) not available, trying Charger 17 (fid=12)",1202.511976184901,17,,
Car 585,,,,8,,arrived,,arrived,1202.5609571340567,,,
Car 464,,,,,13,switch,,"Charger 13 (fid=8) not available, trying Charger 1 (fid=308702)",1202.6653142833056,1,,
Car 549,,,,,19,switch,,"Charger 19 (fid=14) not available, trying Charger 1 (fid=308702)",1202.8157572940693,1,,
Car 532,,,,,19,switch,,"Charger 19 (fid=14) not available, trying Charger 11 (fid=6)",1202.9793781336266,11,,
Car 531,,,,,19,switch,,"Charger 19 (fid=14) not available, trying Charger 11 (fid=6)",1202.9904741303762,11,,
Car 568,,,,,6,switch,,"Charger 6 (fid=1) not available, trying Charger 2 (fid=307904)",1203.1447371819454,2,,
Car 474,,,,,13,switch,,"Charger 13 (fid=8) not available, trying Charger 18 (fid=13)",1203.160113885151,18,,
Car 501,,,,,15,switch,,"Charger 15 (fid=10) not available, trying Charger 7 (fid=2)",1203.1639584939178,7,,
Car 567,,,,,13,switch,,"Charger 13 (fid=8) not available, trying Charger 16 (fid=11)",1203.361292764209,16,,
Car 497,,,,,0,switch,,"Charger 0 (fid=308440) not available, trying Charger 12 (fid=7)",1203.6734995065876,12,,
Car 582,,,,,10,switch,,"Charger 10 (fid=4) not available, trying Charger 5 (fid=5)",1203.8937186603994,5,,
Car 526,,,,,11,switch,,"Charger 11 (fid=6) not available, trying Charger 0 (fid=308440)",1203.8953316076675,0,,
Car 456,,,,,4,switch,,"Charger 4 (fid=308108) not available, trying Charger 17 (fid=12)",1204.029881410915,17,,
Car 575,,,,,0,switch,,"Charger 0 (fid=308440) not available, trying Charger 5 (fid=5)",1204.0330073649438,5,,
Car 572,,,,,14,switch,,"Charger 14 (fid=9) not available, trying Charger 9 (fid=3)",1204.0651690376385,9,,
Car 481,,,,,0,switch,,"Charger 0 (fid=308440) not available, trying Charger 4 (fid=308108)",1204.0955602220681,4,,
Car 511,,,,,13,switch,,"Charger 13 (fid=8) not available, trying Charger 15 (fid=10)",1204.0979890550957,15,,
Car 563,,,,,1,switch,,"Charger 1 (fid=308702) not available, trying Charger 14 (fid=9)",1204.1780471979553,14,,
Car 529,66.0,14,19,,,done,,done charging,1204.1867303079848,,,118.83224694692254
Car 521,,14,19,,,start_charge,,starting to charge at Charger 19 (fid=14),1204.1867303079848,,52.97051478404319,
Car 542,,,,,9,switch,,"Charger 9 (fid=3) not available, trying Charger 7 (fid=2)",1204.2609434810886,7,,
Car 569,,,,,2,switch,,"Charger 2 (fid=307904) not available, trying Charger 3 (fid=307905)",1204.5919955040322,3,,
Car 514,,,,,1,switch,,"Charger 1 (fid=308702) not available, trying Charger 6 (fid=1)",1204.7652362051026,6,,
Car 489,,,,,5,switch,,"Charger 5 (fid=5) not available, trying Charger 13 (fid=8)",1204.9839693318775,13,,
Car 463,,,,,15,switch,,"Charger 15 (fid=10) not available, trying Charger 9 (fid=3)",1205.0783531147338,9,,
Car 576,,,,,16,switch,,"Charger 16 (fid=11) not available, trying Charger 18 (fid=13)",1205.0812372869264,18,,
Car 462,,,,,7,switch,,"Charger 7 (fid=2) not available, trying Charger 4 (fid=308108)",1205.2075483527944,4,,
Car 442,,,,,7,switch,,"Charger 7 (fid=2) not available, trying Charger 5 (fid=5)",1205.3729119761495,5,,
Car 499,,,,,13,switch,,"Charger 13 (fid=8) not available, trying Charger 15 (fid=10)",1205.3961004455593,15,,
Car 496,,,,,6,switch,,"Charger 6 (fid=1) not available, trying Charger 2 (fid=307904)",1205.6569971919673,2,,
Car 513,,,,,7,switch,,"Charger 7 (fid=2) not available, trying Charger 4 (fid=308108)",1205.6924369810304,4,,
Car 556,,,,,16,switch,,"Charger 16 (fid=11) not available, trying Charger 19 (fid=14)",1205.7078664935975,19,,
Car 485,,,,,15,switch,,"Charger 15 (fid=10) not available, trying Charger 0 (fid=308440)",1206.138895925316,0,,
Car 487,,,,,2,switch,,"Charger 2 (fid=307904) not available, trying Charger 3 (fid=307905)",1206.186590549195,3,,
Car 458,,,,,4,switch,,"Charger 4 (fid=308108) not available, trying Charger 17 (fid=12)",1206.3322330047272,17,,
Car 583,,,,,9,switch,,"Charger 9 (fid=3) not available, trying Charger 14 (fid=9)",1206.372362695398,14,,
Car 475,,,,,13,switch,,"Charger 13 (fid=8) not available, trying Charger 8 (fid=91)",1206.3779761717751,8,,
Car 541,,,,,19,switch,,"Charger 19 (fid=14) not available, trying Charger 18 (fid=13)",1206.4022945205543,18,,
Car 477,,,,,13,switch,,"Charger 13 (fid=8) not available, trying Charger 19 (fid=14)",1206.490390917578,19,,
Car 490,,,,,17,switch,,"Charger 17 (fid=12) not available, trying Charger 12 (fid=7)",1206.6454333832244,12,,
Car 562,,,,,11,switch,,"Charger 11 (fid=6) not available, trying Charger 1 (fid=308702)",1206.7590187616934,1,,
Car 478,,,,,8,switch,,"Charger 8 (fid=91) not available, trying Charger 5 (fid=5)",1206.7684412451888,5,,
Car 533,,,,,14,switch,,"Charger 14 (fid=9) not available, trying Charger 6 (fid=1)",1206.778365528382,6,,
Car 584,,,,,8,switch,,"Charger 8 (fid=91) not available, trying Charger 7 (fid=2)",1206.7858924314305,7,,
Car 476,,,,,9,switch,,"Charger 9 (fid=3) not available, trying Charger 7 (fid=2)",1206.787793598228,7,,
Car 551,,,,,6,switch,,"Charger 6 (fid=1) not available, trying Charger 17 (fid=12)",1206.8458000523053,17,,
Car 586,,,,8,,arrived,,arrived,1206.8941222118615,,,
Car 524,66.0,5,5,,,done,,done charging,1207.043437283689,,,148.86565000518124
Car 504,,5,5,,,start_charge,,starting to charge at Charger 5 (fid=5),1207.043437283689,,64.86460729664736,
Car 503,,,,,17,switch,,"Charger 17 (fid=12) not available, trying Charger 12 (fid=7)",1207.1532470640861,12,,
Car 580,,,,,5,switch,,"Charger 5 (fid=5) not available, trying Charger 13 (fid=8)",1207.1944155433252,13,,
Car 486,,,,,15,switch,,"Charger 15 (fid=10) not available, trying Charger 13 (fid=8)",1207.2024365535115,13,,
Car 540,,,,,14,switch,,"Charger 14 (fid=9) not available, trying Charger 1 (fid=308702)",1207.2111257140177,1,,
Car 565,,,,,2,switch,,"Charger 2 (fid=307904) not available, trying Charger 3 (fid=307905)",1207.366856577938,3,,
Car 547,,,,,15,switch,,"Charger 15 (fid=10) not available, trying Charger 19 (fid=14)",1207.3836776918965,19,,
Car 520,,,,,15,switch,,"Charger 15 (fid=10) not available, trying Charger 2 (fid=307904)",1207.4825083020162,2,,
Car 438,,,,,,gave_up,20,"no alternate charger available, gave up",1207.505445187801,,,
Car 585,,,,,13,switch,,"Charger 13 (fid=8) not available, trying Charger 15 (fid=10)",1207.5609571340567,15,,
Car 530,,,,,13,switch,,"Charger 13 (fid=8) not available, trying Charger 15 (fid=10)",1207.788995569554,15,,
Car 448,,,,,5,switch,,"Charger 5 (fid=5) not available, trying Charger 1 (fid=308702)",1207.822785865839,1,,
Car 557,,,,,2,switch,,"Charger 2 (fid=307904) not available, trying Charger 3 (fid=307905)",1207.9553987200507,3,,
Car 470,,,,,9,switch,,"Charger 9 (fid=3) not available, trying Charger 7 (fid=2)",1208.0675470369395,7,,
Car 469,,,,,12,switch,,"Charger 12 (fid=7) not available, trying Charger 9 (fid=3)",1208.160301171949,9,,
Car 581,,,,,0,switch,,"Charger 0 (fid=308440) not available, trying Charger 11 (fid=6)",1208.2559902643989,11,,
Car 587,,,,91,,arrived,,arrived,1208.2949095763151,,,
Car 577,,,,,13,switch,,"Charger 13 (fid=8) not available, trying Charger 15 (fid=10)",1208.348553874709,15,,
Car 420,107.0,13,18,,,done,,done charging,1208.3809656432472,,,421.602806165648
Car 491,,,,,15,switch,,"Charger 15 (fid=10) not available, trying Charger 12 (fid=7)",1208.421252426073,12,,
Car 561,,,,,12,switch,,"Charger 12 (fid=7) not available, trying Charger 19 (fid=14)",1208.5529707071726,19,,
Car 528,,,,,11,switch,,"Charger 11 (fid=6) not available, trying Charger 1 (fid=308702)",1208.6332220571403,1,,
Car 515,,,,,4,switch,,"Charger 4 (fid=308108) not available, trying Charger 10 (fid=4)",1208.7304582015424,10,,
Car 488,,,,,15,switch,,"Charger 15 (fid=10) not available, trying Charger 13 (fid=8)",1208.8991756936075,13,,
Car 517,,,,,20,switch,,"Charger 20 (fid=15) not available, trying Charger 0 (fid=308440)",1208.9519654976211,0,,
Car 545,,,,,17,switch,,"Charger 17 (fid=12) not available, trying Charger 18 (fid=13)",1209.2350221055488,18,,
Car 553,,,,,17,switch,,"Charger 17 (fid=12) not available, trying Charger 18 (fid=13)",1209.2825625356909,18,,
Car 537,,,,,9,switch,,"Charger 9 (fid=3) not available, trying Charger 11 (fid=6)",1209.3310364271583,11,,
Car 568,,,,,2,switch,,"Charger 2 (fid=307904) not available, trying Charger 3 (fid=307905)",1209.334590743266,3,,
Car 522,,,,,11,switch,,"Charger 11 (fid=6) not available, trying Charger 2 (fid=307904)",1209.4301411626527,2,,
Car 535,,,,,11,switch,,"Charger 11 (fid=6) not available, trying Charger 0 (fid=308440)",1209.4375148852369,0,,
Car 500,,,,,6,switch,,"Charger 6 (fid=1) not available, trying Charger 2 (fid=307904)",1209.4418273937463,2,,
Car 541,,13,18,,,start_charge,,starting to charge at Charger 18 (fid=13),1209.6206066377379,,40.0,
Car 582,,,,,5,switch,,"Charger 5 (fid=5) not available, trying Charger 14 (fid=9)",1209.7821187087875,14,,
Car 534,,,,,11,switch,,"Charger 11 (fid=6) not available, trying Charger 0 (fid=308440)",1209.7959700138201,0,,
Car 566,,,,,8,switch,,"Charger 8 (fid=91) not available, trying Charger 7 (fid=2)",1209.8425547376007,7,,
Car 569,,,,,3,switch,,"Charger 3 (fid=307905) not available, trying Charger 12 (fid=7)",1209.8556216855964,12,,
Car 578,,,,,16,switch,,"Charger 16 (fid=11) not available, trying Charger 18 (fid=13)",1209.875737809668,18,,
Car 538,,,,,11,switch,,"Charger 11 (fid=6) not available, trying Charger 0 (fid=308440)",1209.8806119850599,0,,
Car 559,,,,,17,switch,,"Charger 17 (fid=12) not available, trying Charger 19 (fid=14)",1209.9517300825712,19,,
Car 574,,,,,16,switch,,"Charger 16 (fid=11) not available, trying Charger 10 (fid=4)",1209.984341869976,10,,
Car 511,,,,,15,switch,,"Charger 15 (fid=10) not available, trying Charger 2 (fid=307904)",1210.4769741096868,2,,
Car 505,94.0,3,9,,,done,,done charging,1210.6356606964696,,,332.1682651696135
Car 570,,3,9,,,start_charge,,starting to charge at Charger 9 (fid=3),1210.6356606964696,,19.882888258002822,
Car 555,,,,,1,switch,,"Charger 1 (fid=308702) not available, trying Charger 2 (fid=307904)",1210.8359764582483,2,,
Car 588,,,,41,,arrived,,arrived,1210.8660908796123,,,
Car 589,,,,34,,arrived,,arrived,1210.9776657544767,,,
Car 544,,,,,12,switch,,"Charger 12 (fid=7) not available, trying Charger 4 (fid=308108)",1211.1204502725418,4,,
Car 532,,,,,11,switch,,"Charger 11 (fid=6) not available, trying Charger 0 (fid=308440)",1211.1901948874126,0,,
Car 531,,,,,11,switch,,"Charger 11 (fid=6) not available, trying Charger 0 (fid=308440)",1211.2012908841623,0,,
Car 579,,,,,11,switch,,"Charger 11 (fid=6) not available, trying Charger 16 (fid=11)",1211.350355522785,16,,
Car 487,,,,,3,switch,,"Charger 3 (fid=307905) not available, trying Charger 12 (fid=7)",1211.4502167307592,12,,
Car 571,,,,,16,switch,,"Charger 16 (fid=11) not available, trying Charger 1 (fid=308702)",1211.6716712918246,1,,
Car 480,88.0,6,11,,,done,,done charging,1211.754474270916,,,415.42925481568017
Car 567,,,,,16,switch,,"Charger 16 (fid=11) not available, trying Charger 11 (fid=6)",1211.7704430497051,11,,
Car 499,,,,,15,switch,,"Charger 15 (fid=10) not available, trying Charger 12 (fid=7)",1211.7750855001505,12,,
Car 462,,,,,4,switch,,"Charger 4 (fid=308108) not available, trying Charger 8 (fid=91)",1211.8103327527538,8,,
Car 496,,,,,2,switch,,"Charger 2 (fid=307904) not available, trying Charger 3 (fid=307905)",1211.846850753288,3,,
Car 586,,,,,13,switch,,"Charger 13 (fid=8) not available, trying Charger 15 (fid=10)",1211.8941222118615,15,,
Car 549,,,,,1,switch,,"Charger 1 (fid=308702) not available, trying Charger 11 (fid=6)",1211.9173288193492,11,,
Car 450,,,,,8,switch,,"Charger 8 (fid=91) not available, trying Charger 7 (fid=2)",1212.1604119057367,7,,
Car 513,,,,,4,switch,,"Charger 4 (fid=308108) not available, trying Charger 18 (fid=13)",1212.2952213809897,18,,
Car 581,,6,11,,,start_charge,,starting to charge at Charger 11 (fid=6),1212.4245212532517,,10.0,
Car 519,,,,,9,switch,,"Charger 9 (fid=3) not available, trying Charger 6 (fid=1)",1212.501166080216,6,,
Car 560,,,,,15,switch,,"Charger 15 (fid=10) not available, trying Charger 13 (fid=8)",1212.5110826345942,13,,
Car 464,,,,,1,switch,,"Charger 1 (fid=308702) not available, trying Charger 10 (fid=4)",1212.5144682072937,10,,
Car 546,,,,,6,switch,,"Charger 6 (fid=1) not available, trying Charger 17 (fid=12)",1212.5586815074937,17,,
Car 565,,,,,3,switch,,"Charger 3 (fid=307905) not available, trying Charger 20 (fid=15)",1212.6304827595022,20,,
Car 489,,,,,13,switch,,"Charger 13 (fid=8) not available, trying Charger 15 (fid=10)",1212.9193372714972,15,,
Car 556,,,,,19,switch,,"Charger 19 (fid=14) not available, trying Charger 13 (fid=8)",1212.9377987305347,13,,
Car 526,,,,,0,switch,,"Charger 0 (fid=308440) not available, trying Charger 9 (fid=3)",1213.0638625965203,9,,
Car 456,,,,,17,switch,,"Charger 17 (fid=12) not available, trying Charger 20 (fid=15)",1213.116747215016,20,,
Car 548,,,,,2,switch,,"Charger 2 (fid=307904) not available, trying Charger 3 (fid=307905)",1213.1475267080834,3,,
Car 572,,,,,9,switch,,"Charger 9 (fid=3) not available, trying Charger 15 (fid=10)",1213.1529223388538,15,,
Car 557,,,,,3,switch,,"Charger 3 (fid=307905) not available, trying Charger 1 (fid=308702)",1213.2190249016148,1,,
Car 471,,,,,10,switch,,"Charger 10 (fid=4) not available, trying Charger 15 (fid=10)",1213.2275850159626,15,,
Car 543,,,,,6,switch,,"Charger 6 (fid=1) not available, trying Charger 17 (fid=12)",1213.2480495570212,17,,
Car 587,,,,,8,switch,,"Charger 8 (fid=91) not available, trying Charger 7 (fid=2)",1213.2949095763151,7,,
Car 554,,,,,9,switch,,"Charger 9 (fid=3) not available, trying Charger 19 (fid=14)",1213.3509948216024,19,,
Car 486,,,,,13,switch,,"Charger 13 (fid=8) not available, trying Charger 0 (fid=308440)",1213.5814216081026,0,,
Car 584,,,,,7,switch,,"Charger 7 (fid=2) not available, trying Charger 4 (fid=308108)",1213.6128836184591,4,,
Car 551,,,,,17,switch,,"Charger 17 (fid=12) not available, trying Charger 18 (fid=13)",1213.6163864030952,18,,
Car 493,,,,,8,switch,,"Charger 8 (fid=91) not available, trying Charger 10 (fid=4)",1213.7224291128618,10,,
Car 585,,,,,15,switch,,"Charger 15 (fid=10) not available, trying Charger 14 (fid=9)",1213.9399421886478,14,,
Car 563,,,,,14,switch,,"Charger 14 (fid=9) not available, trying Charger 11 (fid=6)",1214.0992989332415,11,,
Car 530,,,,,15,switch,,"Charger 15 (fid=10) not available, trying Charger 18 (fid=13)",1214.167980624145,18,,
Car 575,,,,,5,switch,,"Charger 5 (fid=5) not available, trying Charger 10 (fid=4)",1214.590190675411,10,,
Car 568,,,,,3,switch,,"Charger 3 (fid=307905) not available, trying Charger 12 (fid=7)",1214.5982169248302,12,,
Car 463,,,,,9,switch,,"Charger 9 (fid=3) not available, trying Charger 8 (fid=91)",1214.678377036993,8,,
Car 576,,,,,18,switch,,"Charger 18 (fid=13) not available, trying Charger 1 (fid=308702)",1214.681005246889,1,,
Car 577,,,,,15,switch,,"Charger 15 (fid=10) not available, trying Charger 14 (fid=9)",1214.7275389293002,14,,
Car 468,118.0,6,11,,,done,,done charging,1214.7647472173085,,,284.68385879725327
Car 567,,6,11,,,start_charge,,starting to charge at Charger 11 (fid=6),1214.7647472173085,,25.829908034150094,
Car 490,,,,,12,switch,,"Charger 12 (fid=7) not available, trying Charger 9 (fid=3)",1214.8053585845837,9,,
Car 474,,,,,18,switch,,"Charger 18 (fid=13) not available, trying Charger 1 (fid=308702)",1214.8274225246068,1,,
Car 497,,,,,12,switch,,"Charger 12 (fid=7) not available, trying Charger 4 (fid=308108)",1215.108017946894,4,,
Car 580,,,,,13,switch,,"Charger 13 (fid=8) not available, trying Charger 15 (fid=10)",1215.129783482945,15,,
Car 488,,,,,13,switch,,"Charger 13 (fid=8) not available, trying Charger 18 (fid=13)",1215.2781607481986,18,,
Car 503,,,,,12,switch,,"Charger 12 (fid=7) not available, trying Charger 9 (fid=3)",1215.3131722654455,9,,
Car 508,54.0,307904,2,,,done,,done charging,1215.370593519943,,,392.96242630438627
Car 500,,307904,2,,,start_charge,,starting to charge at Charger 2 (fid=307904),1215.370593519943,,69.73891256487605,
Car 458,,,,,17,switch,,"Charger 17 (fid=12) not available, trying Charger 20 (fid=15)",1215.419098808828,20,,
Car 583,,,,,14,switch,,"Charger 14 (fid=9) not available, trying Charger 16 (fid=11)",1215.4601159966132,16,,
Car 501,,,,,7,switch,,"Charger 7 (fid=2) not available, trying Charger 13 (fid=8)",1215.5341585192975,13,,
Car 542,,,,,7,switch,,"Charger 7 (fid=2) not available, trying Charger 11 (fid=6)",1215.7707296078654,11,,
Car 588,,,,,1,switch,,"Charger 1 (fid=308702) not available, trying Charger 18 (fid=13)",1215.8660908796123,18,,
Car 589,,,,,1,switch,,"Charger 1 (fid=308702) not available, trying Charger 18 (fid=13)",1215.9776657544767,18,,
Car 477,,,,,19,switch,,"Charger 19 (fid=14) not available, trying Charger 10 (fid=4)",1216.3341091306334,10,,
Car 448,,,,,1,switch,,"Charger 1 (fid=308702) not available, trying Charger 18 (fid=13)",1216.377899223259,18,,
Car 481,,,,,4,switch,,"Charger 4 (fid=308108) not available, trying Charger 20 (fid=15)",1216.4570192651158,20,,
Car 514,,,,,6,switch,,"Charger 6 (fid=1) not available, trying Charger 12 (fid=7)",1216.6291660073873,12,,
Car 566,,,,,7,switch,,"Charger 7 (fid=2) not available, trying Charger 4 (fid=308108)",1216.6695459246293,4,,
Car 485,,,,,0,switch,,"Charger 0 (fid=308440) not available, trying Charger 13 (fid=8)",1216.8435390390684,13,,
Car 562,,,,,1,switch,,"Charger 1 (fid=308702) not available, trying Charger 2 (fid=307904)",1216.9761306028422,2,,
Car 496,,,,,3,switch,,"Charger 3 (fid=307905) not available, trying Charger 12 (fid=7)",1217.1104769348522,12,,
Car 540,,,,,1,switch,,"Charger 1 (fid=308702) not available, trying Charger 6 (fid=1)",1217.132377449304,6,,
Car 590,,,,77,,arrived,,arrived,1217.1335739941208,,,
Car 533,,,,,6,switch,,"Charger 6 (fid=1) not available, trying Charger 17 (fid=12)",1217.257677189638,17,,
Car 547,,,,,19,switch,,"Charger 19 (fid=14) not available, trying Charger 11 (fid=6)",1217.3424027379417,11,,
Car 423,56.0,2,7,,,done,,done charging,1217.383696273566,,,737.5473174742798
Car 476,,2,7,,,start_charge,,starting to charge at Charger 7 (fid=2),1217.383696273566,,89.08611654856122,
Car 569,,,,,12,switch,,"Charger 12 (fid=7) not available, trying Charger 17 (fid=12)",1217.4511509291071,17,,
Car 591,,,,63,,arrived,,arrived,1217.7319106150871,,,
Car 522,,,,,2,switch,,"Charger 2 (fid=307904) not available, trying Charger 3 (fid=307905)",1217.7548254011122,3,,
Car 544,,,,,4,switch,,"Charger 4 (fid=308108) not available, trying Charger 11 (fid=6)",1217.7827796079723,11,,
Car 586,,,,,15,switch,,"Charger 15 (fid=10) not available, trying Charger 14 (fid=9)",1218.2731072664526,14,,
Car 548,,,,,3,switch,,"Charger 3 (fid=307905) not available, trying Charger 14 (fid=9)",1218.4111528896476,14,,
Car 582,,,,,14,switch,,"Charger 14 (fid=9) not available, trying Charger 16 (fid=11)",1218.4355576170924,16,,
Car 574,,,,,10,switch,,"Charger 10 (fid=4) not available, trying Charger 5 (fid=5)",1218.4363722084477,5,,
Car 518,96.0,4,10,,,done,,done charging,1218.4496088197789,,,131.70605267379972
Car 575,,4,10,,,start_charge,,starting to charge at Charger 10 (fid=4),1218.4496088197789,,22.971018095979844,
Car 523,66.0,5,5,,,done,,done charging,1218.4620253050562,,,277.78979296953685
Car 442,,5,5,,,start_charge,,starting to charge at Charger 5 (fid=5),1218.4620253050562,,89.59623452842402,
Car 579,,,,,16,switch,,"Charger 16 (fid=11) not available, trying Charger 2 (fid=307904)",1218.5147516562383,2,,
Car 535,,,,,0,switch,,"Charger 0 (fid=308440) not available, trying Charger 9 (fid=3)",1218.6060458740897,9,,
Car 528,,,,,1,switch,,"Charger 1 (fid=308702) not available, trying Charger 0 (fid=308440)",1218.8503338982891,0,,
Car 592,,,,4,,arrived,,arrived,1218.8624719713416,,,
Car 560,,,,,13,switch,,"Charger 13 (fid=8) not available, trying Charger 10 (fid=4)",1218.8900676891853,10,,
Car 469,,,,,9,switch,,"Charger 9 (fid=3) not available, trying Charger 7 (fid=2)",1218.934058708355,7,,
Car 447,46.0,10,15,,,done,,done charging,1218.9642150573227,,,678.0907936272057
Car 489,,10,15,,,start_charge,,starting to charge at Charger 15 (fid=10),1218.9642150573227,,74.66589273123441,
Car 534,,,,,0,switch,,"Charger 0 (fid=308440) not available, trying Charger 1 (fid=308702)",1218.964501002673,1,,
Car 450,,,,,7,switch,,"Charger 7 (fid=2) not available, trying Charger 4 (fid=308108)",1218.9874030927654,4,,
Car 462,,,,,8,switch,,"Charger 8 (fid=91) not available, trying Charger 20 (fid=15)",1219.0207444358348,20,,
Car 487,,,,,12,switch,,"Charger 12 (fid=7) not available, trying Charger 4 (fid=308108)",1219.04574597427,4,,
Car 538,,,,,0,switch,,"Charger 0 (fid=308440) not available, trying Charger 9 (fid=3)",1219.0491429739127,9,,
Car 561,,,,,19,switch,,"Charger 19 (fid=14) not available, trying Charger 11 (fid=6)",1219.0902094862838,11,,
Car 520,,,,,2,switch,,"Charger 2 (fid=307904) not available, trying Charger 3 (fid=307905)",1219.118913580237,3,,
Car 537,,,,,11,switch,,"Charger 11 (fid=6) not available, trying Charger 0 (fid=308440)",1219.1259050632793,0,,
Car 445,113.0,15,20,,,done,,done charging,1219.2821274260073,,,408.1785152200198
Car 565,,15,20,,,start_charge,,starting to charge at Charger 20 (fid=15),1219.2821274260073,,31.347510518253102,
Car 559,,,,,19,switch,,"Charger 19 (fid=14) not available, trying Charger 7 (fid=2)",1219.3025508114804,7,,
Car 546,,,,,17,switch,,"Charger 17 (fid=12) not available, trying Charger 1 (fid=308702)",1219.3292678582836,1,,
Car 578,,,,,18,switch,,"Charger 18 (fid=13) not available, trying Charger 1 (fid=308702)",1219.4755057696307,1,,
Car 470,,,,,7,switch,,"Charger 7 (fid=2) not available, trying Charger 4 (fid=308108)",1219.5773331637163,4,,
Car 491,,,,,12,switch,,"Charger 12 (fid=7) not available, trying Charger 9 (fid=3)",1219.5817537814787,9,,
Car 475,,,,,8,switch,,"Charger 8 (fid=91) not available, trying Charger 19 (fid=14)",1219.6914215028548,19,,
Car 543,,,,,17,switch,,"Charger 17 (fid=12) not available, trying Charger 1 (fid=308702)",1220.0186359078111,1,,
Car 587,,,,,7,switch,,"Charger 7 (fid=2) not available, trying Charger 4 (fid=308108)",1220.1219007633438,4,,
Car 584,,,,,4,switch,,"Charger 4 (fid=308108) not available, trying Charger 12 (fid=7)",1220.2156680184185,12,,
Car 532,,,,,0,switch,,"Charger 0 (fid=308440) not available, trying Charger 1 (fid=308702)",1220.3587258762655,1,,
Car 531,,,,,0,switch,,"Charger 0 (fid=308440) not available, trying Charger 18 (fid=13)",1220.369821873015,18,,
Car 585,,,,,14,switch,,"Charger 14 (fid=9) not available, trying Charger 10 (fid=4)",1220.4748535448643,10,,
Car 571,,,,,1,switch,,"Charger 1 (fid=308702) not available, trying Charger 11 (fid=6)",1220.6841386836686,11,,
Car 464,,,,,10,switch,,"Charger 10 (fid=4) not available, trying Charger 18 (fid=13)",1220.8635839977103,18,,
Car 478,,,,,5,switch,,"Charger 5 (fid=5) not available, trying Charger 13 (fid=8)",1221.2149986919092,13,,
Car 545,,,,,18,switch,,"Charger 18 (fid=13) not available, trying Charger 14 (fid=9)",1221.2580318001885,14,,
Car 577,,,,,14,switch,,"Charger 14 (fid=9) not available, trying Charger 1 (fid=308702)",1221.2624502855167,1,,
Car 553,,,,,18,switch,,"Charger 18 (fid=13) not available, trying Charger 1 (fid=308702)",1221.3055722303307,1,,
Car 515,,,,,10,switch,,"Charger 10 (fid=4) not available, trying Charger 5 (fid=5)",1221.3322865033879,5,,
Car 471,,,,,15,switch,,"Charger 15 (fid=10) not available, trying Charger 7 (fid=2)",1221.4592467879881,7,,
Car 580,,,,,15,switch,,"Charger 15 (fid=10) not available, trying Charger 14 (fid=9)",1221.508768537536,14,,
Car 424,112.0,12,17,,,done,,done charging,1221.7097002596402,,,438.8900471301822
Car 533,,12,17,,,start_charge,,starting to charge at Charger 17 (fid=12),1221.7097002596402,,52.68143671921234,
Car 497,,,,,4,switch,,"Charger 4 (fid=308108) not available, trying Charger 17 (fid=12)",1221.7703472823246,17,,
Car 576,,,,,1,switch,,"Charger 1 (fid=308702) not available, trying Charger 14 (fid=9)",1221.8641961847495,14,,
Car 474,,,,,1,switch,,"Charger 1 (fid=308702) not available, trying Charger 10 (fid=4)",1222.0106134624673,10,,
Car 511,,,,,2,switch,,"Charger 2 (fid=307904) not available, trying Charger 3 (fid=307905)",1222.1133793879076,3,,
Car 590,,,,,6,switch,,"Charger 6 (fid=1) not available, trying Charger 12 (fid=7)",1222.1335739941208,12,,
Car 549,,,,,11,switch,,"Charger 11 (fid=6) not available, trying Charger 0 (fid=308440)",1222.134440660498,0,,
Car 517,,,,,0,switch,,"Charger 0 (fid=308440) not available, trying Charger 14 (fid=9)",1222.1767262033595,14,,
Car 568,,,,,12,switch,,"Charger 12 (fid=7) not available, trying Charger 0 (fid=308440)",1222.193746168341,0,,
Car 555,,,,,2,switch,,"Charger 2 (fid=307904) not available, trying Charger 3 (fid=307905)",1222.3237558363937,3,,
Car 591,,,,,10,switch,,"Charger 10 (fid=4) not available, trying Charger 5 (fid=5)",1222.7319106150871,5,,
Car 572,,,,,15,switch,,"Charger 15 (fid=10) not available, trying Charger 19 (fid=14)",1222.752946261113,19,,
Car 556,,,,,13,switch,,"Charger 13 (fid=8) not available, trying Charger 15 (fid=10)",1222.78151694359,15,,
Car 499,,,,,12,switch,,"Charger 12 (fid=7) not available, trying Charger 9 (fid=3)",1222.9355868555563,9,,
Car 583,,,,,16,switch,,"Charger 16 (fid=11) not available, trying Charger 20 (fid=15)",1222.990038564446,20,,
Car 522,,,,,3,switch,,"Charger 3 (fid=307905) not available, trying Charger 6 (fid=1)",1223.0184515826763,6,,
Car 588,,,,,18,switch,,"Charger 18 (fid=13) not available, trying Charger 0 (fid=308440)",1223.0492818174728,0,,
Car 589,,,,,18,switch,,"Charger 18 (fid=13) not available, trying Charger 0 (fid=308440)",1223.1608566923371,0,,
Car 566,,,,,4,switch,,"Charger 4 (fid=308108) not available, trying Charger 11 (fid=6)",1223.2723303245887,11,,
Car 519,,,,,6,switch,,"Charger 6 (fid=1) not available, trying Charger 2 (fid=307904)",1223.3351322299363,2,,
Car 563,,,,,11,switch,,"Charger 11 (fid=6) not available, trying Charger 10 (fid=4)",1223.515231930792,10,,
Car 514,,,,,12,switch,,"Charger 12 (fid=7) not available, trying Charger 4 (fid=308108)",1223.5536048956053,4,,
Car 448,,,,,,gave_up,18,"no alternate charger available, gave up",1223.5610901611194,,,
Car 592,,,,,10,switch,,"Charger 10 (fid=4) not available, trying Charger 5 (fid=5)",1223.8624719713416,5,,
Car 456,,,,,20,switch,,"Charger 20 (fid=15) not available, trying Charger 7 (fid=2)",1223.9852773211167,7,,
Car 486,,,,,0,switch,,"Charger 0 (fid=308440) not available, trying Charger 10 (fid=4)",1224.171057888865,10,,
Car 574,,,,,5,switch,,"Charger 5 (fid=5) not available, trying Charger 19 (fid=14)",1224.3247722568358,19,,
Car 554,,,,,19,switch,,"Charger 19 (fid=14) not available, trying Charger 11 (fid=6)",1224.3753007304508,11,,
Car 520,,,,,3,switch,,"Charger 3 (fid=307905) not available, trying Charger 6 (fid=1)",1224.3825397618011,6,,
Car 496,,,,,12,switch,,"Charger 12 (fid=7) not available, trying Charger 4 (fid=308108)",1224.706006178363,4,,
Car 557,,,,,1,switch,,"Charger 1 (fid=308702) not available, trying Charger 6 (fid=1)",1224.723141111381,6,,
Car 586,,,,,14,switch,,"Charger 14 (fid=9) not available, trying Charger 10 (fid=4)",1224.8080186226691,10,,
Car 526,,,,,9,switch,,"Charger 9 (fid=3) not available, trying Charger 6 (fid=1)",1224.88731526421,6,,
Car 593,,,,67,,arrived,,arrived,1225.105148797396,,,
Car 542,,,,,11,switch,,"Charger 11 (fid=6) not available, trying Charger 17 (fid=12)",1225.4365991140094,17,,
Car 547,,,,,11,switch,,"Charger 11 (fid=6) not available, trying Charger 0 (fid=308440)",1225.5532194917278,0,,
Car 490,,,,,9,switch,,"Charger 9 (fid=3) not available, trying Charger 7 (fid=2)",1225.5791161209897,7,,
Car 450,,,,,4,switch,,"Charger 4 (fid=308108) not available, trying Charger 20 (fid=15)",1225.5901874927247,20,,
Car 569,,,,,17,switch,,"Charger 17 (fid=12) not available, trying Charger 19 (fid=14)",1225.6110761304665,19,,
Car 551,,,,,18,switch,,"Charger 18 (fid=13) not available, trying Charger 14 (fid=9)",1225.639396097735,14,,
Car 481,,,,,20,switch,,"Charger 20 (fid=15) not available, trying Charger 17 (fid=12)",1225.6973118572496,17,,
Car 487,,,,,4,switch,,"Charger 4 (fid=308108) not available, trying Charger 17 (fid=12)",1225.7080753097005,17,,
Car 477,,,,,10,switch,,"Charger 10 (fid=4) not available, trying Charger 0 (fid=308440)",1225.9393768063899,0,,
Car 582,,,,,16,switch,,"Charger 16 (fid=11) not available, trying Charger 13 (fid=8)",1225.9654801849251,13,,
Car 503,,,,,9,switch,,"Charger 9 (fid=3) not available, trying Charger 7 (fid=2)",1226.0869298018515,7,,
Car 594,,,,54,,arrived,,arrived,1226.1087873905674,,,
Car 470,,,,,4,switch,,"Charger 4 (fid=308108) not available, trying Charger 8 (fid=91)",1226.1801175636756,8,,
Car 595,,,,87,,arrived,,arrived,1226.217438533018,,,
Car 513,,,,,18,switch,,"Charger 18 (fid=13) not available, trying Charger 1 (fid=308702)",1226.280598079356,1,,
Car 458,,,,,20,switch,,"Charger 20 (fid=15) not available, trying Charger 7 (fid=2)",1226.2876289149287,7,,
Car 560,,,,,10,switch,,"Charger 10 (fid=4) not available, trying Charger 5 (fid=5)",1226.3553725085578,5,,
Car 530,,,,,18,switch,,"Charger 18 (fid=13) not available, trying Charger 2 (fid=307904)",1226.496541393216,2,,
Car 578,,,,,1,switch,,"Charger 1 (fid=308702) not available, trying Charger 14 (fid=9)",1226.6586967074911,14,,
Car 587,,,,,4,switch,,"Charger 4 (fid=308108) not available, trying Charger 12 (fid=7)",1226.724685163303,12,,
Car 463,,,,,8,switch,,"Charger 8 (fid=91) not available, trying Charger 7 (fid=2)",1226.7957904468915,7,,
Car 584,,,,,12,switch,,"Charger 12 (fid=7) not available, trying Charger 2 (fid=307904)",1226.877997353849,2,,
Car 488,,,,,18,switch,,"Charger 18 (fid=13) not available, trying Charger 1 (fid=308702)",1226.9454693876544,1,,
Car 528,,,,,0,switch,,"Charger 0 (fid=308440) not available, trying Charger 6 (fid=1)",1226.9607865256876,6,,
Car 534,,,,,1,switch,,"Charger 1 (fid=308702) not available, trying Charger 6 (fid=1)",1227.0749536300714,6,,
Car 515,,,,,5,switch,,"Charger 5 (fid=5) not available, trying Charger 20 (fid=15)",1227.220686551776,20,,
Car 561,,,,,11,switch,,"Charger 11 (fid=6) not available, trying Charger 8 (fid=91)",1227.3010262400699,8,,
Car 579,,,,,2,switch,,"Charger 2 (fid=307904) not available, trying Charger 3 (fid=307905)",1227.3332102815152,3,,
Car 511,,,,,3,switch,,"Charger 3 (fid=307905) not available, trying Charger 6 (fid=1)",1227.3770055694717,6,,
Car 485,,,,,13,switch,,"Charger 13 (fid=8) not available, trying Charger 10 (fid=4)",1227.433175319831,10,,
Car 555,,,,,3,switch,,"Charger 3 (fid=307905) not available, trying Charger 14 (fid=9)",1227.587382017958,14,,
Car 531,,,,,18,switch,,"Charger 18 (fid=13) not available, trying Charger 9 (fid=3)",1227.5970150923172,9,,
Car 544,,,,,11,switch,,"Charger 11 (fid=6) not available, trying Charger 13 (fid=8)",1227.6479167465716,13,,
Car 502,60.0,308702,1,,,done,,done charging,1227.7734642897803,,,341.6609080558209
Car 532,,308702,1,,,start_charge,,starting to charge at Charger 1 (fid=308702),1227.7734642897803,,54.30428578611645,
Car 493,,,,,10,switch,,"Charger 10 (fid=4) not available, trying Charger 15 (fid=10)",1227.9629889925789,15,,
Car 580,,,,,14,switch,,"Charger 14 (fid=9) not available, trying Charger 1 (fid=308702)",1228.0436798937526,1,,
Car 501,,,,,13,switch,,"Charger 13 (fid=8) not available, trying Charger 8 (fid=91)",1228.2399765672553,8,,
Car 537,,,,,0,switch,,"Charger 0 (fid=308440) not available, trying Charger 6 (fid=1)",1228.2944360521321,6,,
Car 562,,,,,2,switch,,"Charger 2 (fid=307904) not available, trying Charger 3 (fid=307905)",1228.4639099809876,3,,
Car 553,,,,,1,switch,,"Charger 1 (fid=308702) not available, trying Charger 14 (fid=9)",1228.488763168191,14,,
Car 539,57.0,15,20,,,done,,done charging,1228.5857233124036,,,313.6380226264141
Car 462,,15,20,,,start_charge,,starting to charge at Charger 20 (fid=15),1228.5857233124036,,104.74512967719238,
Car 591,,,,,5,switch,,"Charger 5 (fid=5) not available, trying Charger 13 (fid=8)",1228.6203106634753,13,,
Car 585,,,,,10,switch,,"Charger 10 (fid=4) not available, trying Charger 5 (fid=5)",1228.7474347855255,5,,
Car 596,,,,67,,arrived,,arrived,1228.898724836711,,,
Car 540,,,,,6,switch,,"Charger 6 (fid=1) not available, trying Charger 17 (fid=12)",1228.9963072515886,17,,
Car 590,,,,,12,switch,,"Charger 12 (fid=7) not available, trying Charger 4 (fid=308108)",1229.0580128823387,4,,
Car 478,,,,,13,switch,,"Charger 13 (fid=8) not available, trying Charger 15 (fid=10)",1229.1503666315289,15,,
Car 556,,,,,15,switch,,"Charger 15 (fid=10) not available, trying Charger 14 (fid=9)",1229.1605019981812,14,,
Car 522,,,,,6,switch,,"Charger 6 (fid=1) not available, trying Charger 17 (fid=12)",1229.2246419756177,17,,
Car 509,54.0,308702,1,,,done,,done charging,1229.4121475123934,,,415.0010964867063
Car 593,,308702,1,,,start_charge,,starting to charge at Charger 1 (fid=308702),1229.4121475123934,,4.306998714997462,
Car 548,,,,,14,switch,,"Charger 14 (fid=9) not available, trying Charger 10 (fid=4)",1229.4957190249972,10,,
Car 519,,,,,2,switch,,"Charger 2 (fid=307904) not available, trying Charger 3 (fid=307905)",1229.524985791257,3,,
Car 592,,,,,5,switch,,"Charger 5 (fid=5) not available, trying Charger 13 (fid=8)",1229.7508720197297,13,,
Car 514,,,,,4,switch,,"Charger 4 (fid=308108) not available, trying Charger 2 (fid=307904)",1230.2159342310358,2,,
Car 588,,,,,0,switch,,"Charger 0 (fid=308440) not available, trying Charger 5 (fid=5)",1230.2764750367749,5,,
Car 491,,,,,9,switch,,"Charger 9 (fid=3) not available, trying Charger 8 (fid=91)",1230.3555113178847,8,,
Car 474,,,,,10,switch,,"Charger 10 (fid=4) not available, trying Charger 5 (fid=5)",1230.3597292528839,5,,
Car 589,,,,,0,switch,,"Charger 0 (fid=308440) not available, trying Charger 19 (fid=14)",1230.3880499116392,19,,
Car 535,,,,,9,switch,,"Charger 9 (fid=3) not available, trying Charger 6 (fid=1)",1230.4294985417794,6,,
Car 469,,,,,7,switch,,"Charger 7 (fid=2) not available, trying Charger 4 (fid=308108)",1230.4438448351318,4,,
Car 559,,,,,7,switch,,"Charger 7 (fid=2) not available, trying Charger 4 (fid=308108)",1230.5674625608779,4,,
Car 520,,,,,6,switch,,"Charger 6 (fid=1) not available, trying Charger 17 (fid=12)",1230.5887301547425,17,,
Car 475,,,,,19,switch,,"Charger 19 (fid=14) not available, trying Charger 10 (fid=4)",1230.7345499650305,10,,
Car 427,103.0,308440,0,,,done,,done charging,1230.7468422087732,,,345.07559708912817
Car 549,,308440,0,,,start_charge,,starting to charge at Charger 0 (fid=308440),1230.7468422087732,,49.443870559422294,
Car 497,,,,,17,switch,,"Charger 17 (fid=12) not available, trying Charger 20 (fid=15)",1230.8572130864254,20,,
Car 538,,,,,9,switch,,"Charger 9 (fid=3) not available, trying Charger 6 (fid=1)",1230.8725956416024,6,,
Car 571,,,,,11,switch,,"Charger 11 (fid=6) not available, trying Charger 2 (fid=307904)",1230.9012505248174,2,,
Car 464,,,,,18,switch,,"Charger 18 (fid=13) not available, trying Charger 5 (fid=5)",1231.0308545035946,5,,
Car 594,,,,,19,switch,,"Charger 19 (fid=14) not available, trying Charger 16 (fid=11)",1231.1087873905674,16,,
Car 577,,,,,1,switch,,"Charger 1 (fid=308702) not available, trying Charger 16 (fid=11)",1231.183702020803,16,,
Car 595,,,,,8,switch,,"Charger 8 (fid=91) not available, trying Charger 7 (fid=2)",1231.217438533018,7,,
Car 496,,,,,4,switch,,"Charger 4 (fid=308108) not available, trying Charger 17 (fid=12)",1231.3683355137935,17,,
Car 597,,,,45,,arrived,,arrived,1231.6193166648093,,,
Car 576,,,,,14,switch,,"Charger 14 (fid=9) not available, trying Charger 11 (fid=6)",1231.7854479200357,11,,
Car 546,,,,,1,switch,,"Charger 1 (fid=308702) not available, trying Charger 14 (fid=9)",1231.7890947015117,14,,
Car 517,,,,,14,switch,,"Charger 14 (fid=9) not available, trying Charger 9 (fid=3)",1231.9943403053378,9,,
Car 560,,,,,5,switch,,"Charger 5 (fid=5) not available, trying Charger 6 (fid=1)",1232.243772556946,6,,
Car 543,,,,,1,switch,,"Charger 1 (fid=308702) not available, trying Charger 14 (fid=9)",1232.4784627510392,14,,
Car 554,,,,,11,switch,,"Charger 11 (fid=6) not available, trying Charger 1 (fid=308702)",1232.5861174842369,1,,
Car 579,,,,,3,switch,,"Charger 3 (fid=307905) not available, trying Charger 6 (fid=1)",1232.5968364630794,6,,
Car 545,,,,,14,switch,,"Charger 14 (fid=9) not available, trying Charger 12 (fid=7)",1232.6995635574851,12,,
Car 572,,,,,19,switch,,"Charger 19 (fid=14) not available, trying Charger 13 (fid=8)",1232.7116713071582,13,,
Car 586,,,,,10,switch,,"Charger 10 (fid=4) not available, trying Charger 5 (fid=5)",1233.0805998633302,5,,
Car 566,,,,,11,switch,,"Charger 11 (fid=6) not available, trying Charger 19 (fid=14)",1233.137467463188,19,,
Car 456,,,,,7,switch,,"Charger 7 (fid=2) not available, trying Charger 8 (fid=91)",1233.1974992373714,8,,
Car 587,,,,,12,switch,,"Charger 12 (fid=7) not available, trying Charger 2 (fid=307904)",1233.3870144987336,2,,
Car 470,,,,,8,switch,,"Charger 8 (fid=91) not available, trying Charger 20 (fid=15)",1233.3905292467566,20,,
Car 513,,,,,1,switch,,"Charger 1 (fid=308702) not available, trying Charger 20 (fid=15)",1233.4637890172164,20,,
Car 598,,,,61,,arrived,,arrived,1233.4975621347164,,,
Car 583,,,,,20,switch,,"Charger 20 (fid=15) not available, trying Charger 15 (fid=10)",1233.5319836586236,15,,
Car 511,,,,,6,switch,,"Charger 6 (fid=1) not available, trying Charger 17 (fid=12)",1233.5831959624131,17,,
Car 463,,,,,7,switch,,"Charger 7 (fid=2) not available, trying Charger 4 (fid=308108)",1233.62278163392,4,,
Car 568,,,,,0,switch,,"Charger 0 (fid=308440) not available, trying Charger 17 (fid=12)",1233.6282646086474,17,,
Car 499,,,,,9,switch,,"Charger 9 (fid=3) not available, trying Charger 8 (fid=91)",1233.7093443919623,8,,
Car 562,,,,,3,switch,,"Charger 3 (fid=307905) not available, trying Charger 14 (fid=9)",1233.7275361625518,14,,
Car 471,,,,,7,switch,,"Charger 7 (fid=2) not available, trying Charger 5 (fid=5)",1233.829446813368,5,,
Car 563,,,,,10,switch,,"Charger 10 (fid=4) not available, trying Charger 2 (fid=307904)",1233.8432594707172,2,,
Car 596,,,,,1,switch,,"Charger 1 (fid=308702) not available, trying Charger 16 (fid=11)",1233.898724836711,16,,
Car 488,,,,,1,switch,,"Charger 1 (fid=308702) not available, trying Charger 10 (fid=4)",1234.1286603255148,10,,
Car 574,,,,,19,switch,,"Charger 19 (fid=14) not available, trying Charger 9 (fid=3)",1234.1360374995957,9,,
Car 582,,,,,13,switch,,"Charger 13 (fid=8) not available, trying Charger 1 (fid=308702)",1234.3746304704212,1,,
Car 584,,,,,2,switch,,"Charger 2 (fid=307904) not available, trying Charger 3 (fid=307905)",1234.457189765739,3,,
Car 486,,,,,10,switch,,"Charger 10 (fid=4) not available, trying Charger 5 (fid=5)",1234.5222436323288,5,,
Car 585,,,,,5,switch,,"Charger 5 (fid=5) not available, trying Charger 16 (fid=11)",1234.6358348339136,16,,
Car 547,,,,,0,switch,,"Charger 0 (fid=308440) not available, trying Charger 18 (fid=13)",1234.7217504805806,18,,
Car 542,,,,,17,switch,,"Charger 17 (fid=12) not available, trying Charger 14 (fid=9)",1234.7333308175514,14,,
Car 519,,,,,3,switch,,"Charger 3 (fid=307905) not available, trying Charger 18 (fid=13)",1234.7886119728212,18,,
Car 487,,,,,17,switch,,"Charger 17 (fid=12) not available, trying Charger 20 (fid=15)",1234.7949411138013,20,,
Car 450,,,,,,gave_up,20,"no alternate charger available, gave up",1234.8304800848584,,,
Car 485,,,,,10,switch,,"Charger 10 (fid=4) not available, trying Charger 1 (fid=308702)",1234.8984801392035,1,,
Car 569,,,,,19,switch,,"Charger 19 (fid=14) not available, trying Charger 7 (fid=2)",1234.9618968593757,7,,
Car 458,,,,,7,switch,,"Charger 7 (fid=2) not available, trying Charger 8 (fid=91)",1235.4998508311835,8,,
Car 478,,,,,15,switch,,"Charger 15 (fid=10) not available, trying Charger 7 (fid=2)",1235.52935168612,7,,
Car 556,,,,,14,switch,,"Charger 14 (fid=9) not available, trying Charger 11 (fid=6)",1235.6954133543977,11,,
Car 590,,,,,4,switch,,"Charger 4 (fid=308108) not available, trying Charger 16 (fid=11)",1235.7203422177693,16,,
Car 526,,,,,6,switch,,"Charger 6 (fid=1) not available, trying Charger 2 (fid=307904)",1235.7212814139302,2,,
Car 540,,,,,17,switch,,"Charger 17 (fid=12) not available, trying Charger 10 (fid=4)",1235.7668936023786,10,,
Car 599,,,,70,,arrived,,arrived,1235.9532764641558,,,
Car 522,,,,,17,switch,,"Charger 17 (fid=12) not available, trying Charger 12 (fid=7)",1235.9952283264076,12,,
Car 600,,,,124,,arrived,,arrived,1236.0055354234587,,,
Car 493,,,,,15,switch,,"Charger 15 (fid=10) not available, trying Charger 7 (fid=2)",1236.1946507646044,7,,
Car 474,,,,,,gave_up,5,"no alternate charger available, gave up",1236.248129301272,,,
Car 477,,,,,0,switch,,"Charger 0 (fid=308440) not available, trying Charger 5 (fid=5)",1236.2905625498536,5,,
Car 591,,,,,13,switch,,"Charger 13 (fid=8) not available, trying Charger 15 (fid=10)",1236.555678603095,15,,
Car 481,,,,,17,switch,,"Charger 17 (fid=12) not available, trying Charger 7 (fid=2)",1236.5658419633503,7,,
Car 578,,,,,14,switch,,"Charger 14 (fid=9) not available, trying Charger 11 (fid=6)",1236.5799484427773,11,,
Car 557,,,,,6,switch,,"Charger 6 (fid=1) not available, trying Charger 17 (fid=12)",1236.5870709136657,17,,
Car 597,,,,,16,switch,,"Charger 16 (fid=11) not available, trying Charger 11 (fid=6)",1236.6193166648093,11,,
Car 601,,,,17,,arrived,,arrived,1236.9041585509694,,,
Car 589,,,,,19,switch,,"Charger 19 (fid=14) not available, trying Charger 10 (fid=4)",1236.9824443735042,10,,
Car 469,,,,,4,switch,,"Charger 4 (fid=308108) not available, trying Charger 8 (fid=91)",1237.0466292350911,8,,
Car 551,,,,,14,switch,,"Charger 14 (fid=9) not available, trying Charger 12 (fid=7)",1237.0809278550316,12,,
Car 490,,,,,7,switch,,"Charger 7 (fid=2) not available, trying Charger 4 (fid=308108)",1237.0889022477666,4,,
Car 559,,,,,4,switch,,"Charger 4 (fid=308108) not available, trying Charger 14 (fid=9)",1237.1702469608372,14,,
Car 528,,,,,6,switch,,"Charger 6 (fid=1) not available, trying Charger 12 (fid=7)",1237.2398382359581,12,,
Car 520,,,,,17,switch,,"Charger 17 (fid=12) not available, trying Charger 12 (fid=7)",1237.3593165055324,12,,
Car 530,,,,,2,switch,,"Charger 2 (fid=307904) not available, trying Charger 3 (fid=307905)",1237.5475036227729,3,,
Car 503,,,,,7,switch,,"Charger 7 (fid=2) not available, trying Charger 4 (fid=308108)",1237.5967159286283,4,,
Car 592,,,,,13,switch,,"Charger 13 (fid=8) not available, trying Charger 15 (fid=10)",1237.6862399593495,15,,
Car 548,,,,,10,switch,,"Charger 10 (fid=4) not available, trying Charger 6 (fid=1)",1237.7683002656584,6,,
Car 544,,,,,13,switch,,"Charger 13 (fid=8) not available, trying Charger 2 (fid=307904)",1237.9452876407743,2,,
Car 580,,,,,1,switch,,"Charger 1 (fid=308702) not available, trying Charger 16 (fid=11)",1237.9649316290388,16,,
Car 595,,,,,7,switch,,"Charger 7 (fid=2) not available, trying Charger 4 (fid=308108)",1238.0444297200465,4,,
Car 561,,,,,8,switch,,"Charger 8 (fid=91) not available, trying Charger 16 (fid=11)",1238.0464390299992,16,,
Car 602,,,,29,,arrived,,arrived,1238.064064251755,,,
Car 594,,,,,16,switch,,"Charger 16 (fid=11) not available, trying Charger 0 (fid=308440)",1238.3387196275046,0,,
Car 553,,,,,14,switch,,"Charger 14 (fid=9) not available, trying Charger 12 (fid=7)",1238.4100149034773,12,,
Car 598,,,,,9,switch,,"Charger 9 (fid=3) not available, trying Charger 14 (fid=9)",1238.4975621347164,14,,
Car 537,,,,,6,switch,,"Charger 6 (fid=1) not available, trying Charger 12 (fid=7)",1238.5734877624027,12,,
Car 555,,,,,14,switch,,"Charger 14 (fid=9) not available, trying Charger 10 (fid=4)",1238.6719481533075,10,,
Car 514,,,,,2,switch,,"Charger 2 (fid=307904) not available, trying Charger 3 (fid=307905)",1238.7220672456672,3,,
Car 579,,,,,6,switch,,"Charger 6 (fid=1) not available, trying Charger 17 (fid=12)",1238.8030268560208,17,,
Car 534,,,,,6,switch,,"Charger 6 (fid=1) not available, trying Charger 12 (fid=7)",1238.938883432356,12,,
Car 586,,,,,5,switch,,"Charger 5 (fid=5) not available, trying Charger 16 (fid=11)",1238.9689999117184,16,,
Car 571,,,,,2,switch,,"Charger 2 (fid=307904) not available, trying Charger 3 (fid=307905)",1239.2259347632769,3,,
Car 584,,,,,3,switch,,"Charger 3 (fid=307905) not available, trying Charger 6 (fid=1)",1239.7208159473032,6,,
Car 456,,,,,,gave_up,8,"no alternate charger available, gave up",1240.0244904244,,,
Car 577,,,,,16,switch,,"Charger 16 (fid=11) not available, trying Charger 19 (fid=14)",1240.196169412647,19,,
Car 463,,,,,4,switch,,"Charger 4 (fid=308108) not available, trying Charger 20 (fid=15)",1240.2255660338794,20,,
Car 475,,,,,10,switch,,"Charger 10 (fid=4) not available, trying Charger 5 (fid=5)",1240.339817640787,5,,
Car 511,,,,,17,switch,,"Charger 17 (fid=12) not available, trying Charger 12 (fid=7)",1240.353782313203,12,,
Car 486,,,,,5,switch,,"Charger 5 (fid=5) not available, trying Charger 1 (fid=308702)",1240.410643680717,1,,
Car 515,,,,,20,switch,,"Charger 20 (fid=15) not available, trying Charger 0 (fid=308440)",1240.4486878113607,0,,
Car 496,,,,,17,switch,,"Charger 17 (fid=12) not available, trying Charger 20 (fid=15)",1240.4552013178943,20,,
Car 588,,,,,5,switch,,"Charger 5 (fid=5) not available, trying Charger 10 (fid=4)",1240.833658347242,10,,
Car 599,,,,,19,switch,,"Charger 19 (fid=14) not available, trying Charger 0 (fid=308440)",1240.9532764641558,0,,
Car 587,,,,,2,switch,,"Charger 2 (fid=307904) not available, trying Charger 3 (fid=307905)",1240.9662069106237,3,,
Car 600,,,,,0,switch,,"Charger 0 (fid=308440) not available, trying Charger 19 (fid=14)",1241.0055354234587,19,,
Car 531,,,,,9,switch,,"Charger 9 (fid=3) not available, trying Charger 6 (fid=1)",1241.0443854153252,6,,
Car 517,,,,,9,switch,,"Charger 9 (fid=3) not available, trying Charger 15 (fid=10)",1241.0820936065531,15,,
Car 576,,,,,11,switch,,"Charger 11 (fid=6) not available, trying Charger 10 (fid=4)",1241.2013809175862,10,,
Car 535,,,,,6,switch,,"Charger 6 (fid=1) not available, trying Charger 2 (fid=307904)",1241.2634646914996,2,,
Car 566,,,,,19,switch,,"Charger 19 (fid=14) not available, trying Charger 16 (fid=11)",1241.348284216974,16,,
Car 464,,,,,,gave_up,5,"no alternate charger available, gave up",1241.4041225764822,,,
Car 501,,,,,8,switch,,"Charger 8 (fid=91) not available, trying Charger 19 (fid=14)",1241.553421898335,19,,
Car 538,,,,,6,switch,,"Charger 6 (fid=1) not available, trying Charger 2 (fid=307904)",1241.7065617913227,2,,
Car 546,,,,,14,switch,,"Charger 14 (fid=9) not available, trying Charger 10 (fid=4)",1241.7103464367979,10,,
Car 497,,,,,20,switch,,"Charger 20 (fid=15) not available, trying Charger 7 (fid=2)",1241.7257431925261,7,,
Car 601,,,,,1,switch,,"Charger 1 (fid=308702) not available, trying Charger 18 (fid=13)",1241.9041585509694,18,,
Car 526,,,,,2,switch,,"Charger 2 (fid=307904) not available, trying Charger 3 (fid=307905)",1241.911134975251,3,,
Car 547,,,,,18,switch,,"Charger 18 (fid=13) not available, trying Charger 9 (fid=3)",1241.9489436998826,9,,
Car 510,48.0,308440,0,,,done,,done charging,1242.1471287966342,,,465.61670218752363
Car 594,,308440,0,,,start_charge,,starting to charge at Charger 0 (fid=308440),1242.1471287966342,,10.832558864485236,
Car 458,,,,,,gave_up,8,"no alternate charger available, gave up",1242.3268420182121,,,
Car 543,,,,,14,switch,,"Charger 14 (fid=9) not available, trying Charger 12 (fid=7)",1242.3997144863254,12,,
Car 491,,,,,8,switch,,"Charger 8 (fid=91) not available, trying Charger 7 (fid=2)",1242.4729247277833,7,,
Car 488,,,,,10,switch,,"Charger 10 (fid=4) not available, trying Charger 5 (fid=5)",1242.4777761159314,5,,
Car 572,,,,,13,switch,,"Charger 13 (fid=8) not available, trying Charger 6 (fid=1)",1242.5553895202136,6,,
Car 554,,,,,1,switch,,"Charger 1 (fid=308702) not available, trying Charger 0 (fid=308440)",1242.8032293253857,0,,
Car 530,,,,,3,switch,,"Charger 3 (fid=307905) not available, trying Charger 6 (fid=1)",1242.811129804337,6,,
Car 596,,,,,16,switch,,"Charger 16 (fid=11) not available, trying Charger 10 (fid=4)",1242.911192228555,10,,
Car 591,,,,,15,switch,,"Charger 15 (fid=10) not available, trying Charger 14 (fid=9)",1242.934663657686,14,,
Car 602,,,,,19,switch,,"Charger 19 (fid=14) not available, trying Charger 0 (fid=308440)",1243.064064251755,0,,
Car 470,,,,,,gave_up,20,"no alternate charger available, gave up",1243.210378446133,,,
Car 485,,,,,1,switch,,"Charger 1 (fid=308702) not available, trying Charger 5 (fid=5)",1243.24759592962,5,,
Car 585,,,,,16,switch,,"Charger 16 (fid=11) not available, trying Charger 19 (fid=14)",1243.2938627393885,19,,
Car 545,,,,,12,switch,,"Charger 12 (fid=7) not available, trying Charger 1 (fid=308702)",1243.3142450388168,1,,
Car 557,,,,,17,switch,,"Charger 17 (fid=12) not available, trying Charger 14 (fid=9)",1243.3576572644556,14,,
Car 603,,,,74,,arrived,,arrived,1243.4786325667742,,,
Car 490,,,,,4,switch,,"Charger 4 (fid=308108) not available, trying Charger 8 (fid=91)",1243.6916866477259,8,,
Car 597,,,,,11,switch,,"Charger 11 (fid=6) not available, trying Charger 14 (fid=9)",1243.7837127982625,14,,
Car 604,,,,6,,arrived,,arrived,1243.934447191482,,,
Car 568,,,,,17,switch,,"Charger 17 (fid=12) not available, trying Charger 14 (fid=9)",1243.9367995726234,14,,
Car 514,,,,,3,switch,,"Charger 3 (fid=307905) not available, trying Charger 20 (fid=15)",1243.9856934272314,20,,
Car 592,,,,,15,switch,,"Charger 15 (fid=10) not available, trying Charger 14 (fid=9)",1244.0652250139406,14,,
Car 522,,,,,12,switch,,"Charger 12 (fid=7) not available, trying Charger 9 (fid=3)",1244.155153527767,9,,
Car 528,,,,,12,switch,,"Charger 12 (fid=7) not available, trying Charger 4 (fid=308108)",1244.1642771241761,4,,
Car 503,,,,,4,switch,,"Charger 4 (fid=308108) not available, trying Charger 8 (fid=91)",1244.1995003285876,8,,
Car 512,112.0,12,17,,,done,,done charging,1244.2170634217978,,,147.48984302080328
Car 579,,12,17,,,start_charge,,starting to charge at Charger 17 (fid=12),1244.2170634217978,,38.64345021498707,
Car 582,,,,,1,switch,,"Charger 1 (fid=308702) not available, trying Charger 15 (fid=10)",1244.2237843944092,15,,
Car 552,49.0,9,14,,,done,,done charging,1244.2410089761454,,,287.4746605264005
Car 562,,9,14,,,start_charge,,starting to charge at Charger 14 (fid=9),1244.2410089761454,,44.42890667824395,
Car 469,,,,,8,switch,,"Charger 8 (fid=91) not available, trying Charger 20 (fid=15)",1244.2570409181722,20,,
Car 560,,,,,6,switch,,"Charger 6 (fid=1) not available, trying Charger 2 (fid=307904)",1244.3874653399882,2,,
Car 571,,,,,3,switch,,"Charger 3 (fid=307905) not available, trying Charger 14 (fid=9)",1244.489560944841,14,,
Car 595,,,,,4,switch,,"Charger 4 (fid=308108) not available, trying Charger 12 (fid=7)",1244.6472141200059,12,,
Car 556,,,,,11,switch,,"Charger 11 (fid=6) not available, trying Charger 2 (fid=307904)",1245.1113463519482,2,,
Car 574,,,,,9,switch,,"Charger 9 (fid=3) not available, trying Charger 11 (fid=6)",1245.160343408444,11,,
Car 583,,,,,15,switch,,"Charger 15 (fid=10) not available, trying Charger 11 (fid=6)",1245.2155973911222,11,,
Car 481,,,,,7,switch,,"Charger 7 (fid=2) not available, trying Charger 1 (fid=308702)",1245.4416795768489,1,,
Car 537,,,,,12,switch,,"Charger 12 (fid=7) not available, trying Charger 18 (fid=13)",1245.4979266506207,18,,
Car 520,,,,,12,switch,,"Charger 12 (fid=7) not available, trying Charger 9 (fid=3)",1245.5192417068918,9,,
Car 487,,,,,20,switch,,"Charger 20 (fid=15) not available, trying Charger 7 (fid=2)",1245.663471219902,7,,
Car 563,,,,,2,switch,,"Charger 2 (fid=307904) not available, trying Charger 3 (fid=307905)",1245.800568744015,3,,
Car 499,,,,,8,switch,,"Charger 8 (fid=91) not available, trying Charger 7 (fid=2)",1245.8267578018608,7,,
Car 590,,,,,16,switch,,"Charger 16 (fid=11) not available, trying Charger 2 (fid=307904)",1245.842111921211,2,,
Car 519,,,,,18,switch,,"Charger 18 (fid=13) not available, trying Charger 12 (fid=7)",1245.855911033999,12,,
Car 534,,,,,12,switch,,"Charger 12 (fid=7) not available, trying Charger 4 (fid=308108)",1245.863322320574,4,,
Car 584,,,,,6,switch,,"Charger 6 (fid=1) not available, trying Charger 17 (fid=12)",1245.9270063402446,17,,
Car 578,,,,,11,switch,,"Charger 11 (fid=6) not available, trying Charger 2 (fid=307904)",1245.9958814403278,2,,
Car 569,,,,,7,switch,,"Charger 7 (fid=2) not available, trying Charger 4 (fid=308108)",1246.2268086087731,4,,
Car 475,,,,,5,switch,,"Charger 5 (fid=5) not available, trying Charger 0 (fid=308440)",1246.2282176891752,0,,
Car 587,,,,,3,switch,,"Charger 3 (fid=307905) not available, trying Charger 6 (fid=1)",1246.2298330921878,6,,
Car 542,,,,,14,switch,,"Charger 14 (fid=9) not available, trying Charger 8 (fid=91)",1246.4481287919486,8,,
Car 589,,,,,10,switch,,"Charger 10 (fid=4) not available, trying Charger 5 (fid=5)",1246.5877120492607,5,,
Car 588,,,,,10,switch,,"Charger 10 (fid=4) not available, trying Charger 19 (fid=14)",1246.72205839563,19,,
Car 477,,,,,5,switch,,"Charger 5 (fid=5) not available, trying Charger 1 (fid=308702)",1246.8477458603206,1,,
Car 555,,,,,10,switch,,"Charger 10 (fid=4) not available, trying Charger 6 (fid=1)",1246.9445293939687,6,,
Car 580,,,,,16,switch,,"Charger 16 (fid=11) not available, trying Charger 19 (fid=14)",1246.9773990208828,19,,
Car 605,,,,38,,arrived,,arrived,1247.022218818708,,,
Car 526,,,,,3,switch,,"Charger 3 (fid=307905) not available, trying Charger 18 (fid=13)",1247.174761156815,18,,
Car 471,,,,,5,switch,,"Charger 5 (fid=5) not available, trying Charger 13 (fid=8)",1247.3223256138506,13,,
Car 577,,,,,19,switch,,"Charger 19 (fid=14) not available, trying Charger 18 (fid=13)",1247.426101649584,18,,
Car 535,,,,,2,switch,,"Charger 2 (fid=307904) not available, trying Charger 3 (fid=307905)",1247.4533182528203,3,,
Car 599,,,,,0,switch,,"Charger 0 (fid=308440) not available, trying Charger 16 (fid=11)",1247.5476709260208,16,,
Car 598,,,,,14,switch,,"Charger 14 (fid=9) not available, trying Charger 16 (fid=11)",1247.5853154359318,16,,
Car 600,,,,,19,switch,,"Charger 19 (fid=14) not available, trying Charger 18 (fid=13)",1247.5999298853237,18,,
Car 586,,,,,16,switch,,"Charger 16 (fid=11) not available, trying Charger 19 (fid=14)",1247.6270278171933,19,,
Car 551,,,,,12,switch,,"Charger 12 (fid=7) not available, trying Charger 1 (fid=308702)",1247.6956093363633,1,,
Car 513,,,,,20,switch,,"Charger 20 (fid=15) not available, trying Charger 14 (fid=9)",1247.7251668101544,14,,
Car 538,,,,,2,switch,,"Charger 2 (fid=307904) not available, trying Charger 3 (fid=307905)",1247.8964153526433,3,,
Car 478,,,,,7,switch,,"Charger 7 (fid=2) not available, trying Charger 4 (fid=308108)",1247.8995517114997,4,,
Car 401,84.0,13,18,,,done,,done charging,1247.9611453770553,,,496.2319869151633
Car 601,,13,18,,,start_charge,,starting to charge at Charger 18 (fid=13),1247.9611453770553,,8.873795888225459,
Car 559,,,,,14,switch,,"Charger 14 (fid=9) not available, trying Charger 0 (fid=308440)",1247.963522817393,0,,
Car 606,,,,11,,arrived,,arrived,1248.0188542240678,,,
Car 488,,,,,,gave_up,5,"no alternate charger available, gave up",1248.3661761643195,,,
Car 603,,,,,2,switch,,"Charger 2 (fid=307904) not available, trying Charger 3 (fid=307905)",1248.4786325667742,3,,
Car 511,,,,,12,switch,,"Charger 12 (fid=7) not available, trying Charger 9 (fid=3)",1248.5137075145624,9,,
Car 493,,,,,7,switch,,"Charger 7 (fid=2) not available, trying Charger 5 (fid=5)",1248.5648507899841,5,,
Car 566,,,,,16,switch,,"Charger 16 (fid=11) not available, trying Charger 0 (fid=308440)",1248.5782164539112,0,,
Car 525,49.0,14,19,,,done,,done charging,1248.6792363672964,,,465.64832666062085
Car 585,,14,19,,,start_charge,,starting to charge at Charger 19 (fid=14),1248.6792363672964,,33.155441390970736,
Car 540,,,,,10,switch,,"Charger 10 (fid=4) not available, trying Charger 5 (fid=5)",1248.6962503407592,5,,
Car 604,,,,,11,switch,,"Charger 11 (fid=6) not available, trying Charger 16 (fid=11)",1248.934447191482,16,,
Car 486,,,,,1,switch,,"Charger 1 (fid=308702) not available, trying Charger 18 (fid=13)",1248.9657570381369,18,,
Car 530,,,,,6,switch,,"Charger 6 (fid=1) not available, trying Charger 17 (fid=12)",1249.0173201972784,17,,
Car 553,,,,,12,switch,,"Charger 12 (fid=7) not available, trying Charger 10 (fid=4)",1249.024696384809,10,,
Car 561,,,,,16,switch,,"Charger 16 (fid=11) not available, trying Charger 7 (fid=2)",1249.2328033115414,7,,
Car 491,,,,,7,switch,,"Charger 7 (fid=2) not available, trying Charger 4 (fid=308108)",1249.299915914812,4,,
Car 408,100.0,91,8,,,done,,done charging,1249.408226893388,,,491.95668476516965
Car 490,,91,8,,,start_charge,,starting to charge at Charger 8 (fid=91),1249.408226893388,,98.50612856258113,
Car 463,,,,,,gave_up,20,"no alternate charger available, gave up",1249.4658586260132,,,
Car 591,,,,,14,switch,,"Charger 14 (fid=9) not available, trying Charger 1 (fid=308702)",1249.4695750139026,1,,
Car 460,68.0,307905,3,,,done,,done charging,1249.5590745934683,,,580.9047205397164
Car 563,,307905,3,,,start_charge,,starting to charge at Charger 3 (fid=307905),1249.5590745934683,,48.49487966788911,
Car 602,,,,,0,switch,,"Charger 0 (fid=308440) not available, trying Charger 11 (fid=6)",1249.6584587136201,11,,
Car 548,,,,,6,switch,,"Charger 6 (fid=1) not available, trying Charger 17 (fid=12)",1249.7059954816973,17,,
Car 544,,,,,2,switch,,"Charger 2 (fid=307904) not available, trying Charger 3 (fid=307905)",1249.8949548411554,3,,
Car 546,,,,,10,switch,,"Charger 10 (fid=4) not available, trying Charger 12 (fid=7)",1249.982927677459,12,,
Car 560,,,,,2,switch,,"Charger 2 (fid=307904) not available, trying Charger 3 (fid=307905)",1250.577318901309,3,,
Car 592,,,,,14,switch,,"Charger 14 (fid=9) not available, trying Charger 1 (fid=308702)",1250.600136370157,1,,
Car 517,,,,,15,switch,,"Charger 15 (fid=10) not available, trying Charger 13 (fid=8)",1250.6821175288123,13,,
Car 528,,,,,4,switch,,"Charger 4 (fid=308108) not available, trying Charger 2 (fid=307904)",1250.8266064596066,2,,
Car 554,,,,,0,switch,,"Charger 0 (fid=308440) not available, trying Charger 6 (fid=1)",1250.9136819527841,6,,
Car 497,,,,,7,switch,,"Charger 7 (fid=2) not available, trying Charger 1 (fid=308702)",1250.9379651087809,1,,
Car 595,,,,,12,switch,,"Charger 12 (fid=7) not available, trying Charger 2 (fid=307904)",1251.3095434554364,2,,
Car 496,,,,,20,switch,,"Charger 20 (fid=15) not available, trying Charger 7 (fid=2)",1251.323731423995,7,,
Car 596,,,,,10,switch,,"Charger 10 (fid=4) not available, trying Charger 19 (fid=14)",1251.3632225670265,19,,
Car 503,,,,,8,switch,,"Charger 8 (fid=91) not available, trying Charger 20 (fid=15)",1251.4099120116687,20,,
Car 576,,,,,10,switch,,"Charger 10 (fid=4) not available, trying Charger 2 (fid=307904)",1251.5294084575114,2,,
Car 485,,,,,5,switch,,"Charger 5 (fid=5) not available, trying Charger 18 (fid=13)",1251.80270928704,18,,
Car 531,,,,,6,switch,,"Charger 6 (fid=1) not available, trying Charger 2 (fid=307904)",1251.8783515650455,2,,
Car 605,,,,,10,switch,,"Charger 10 (fid=4) not available, trying Charger 5 (fid=5)",1252.022218818708,5,,
Car 587,,,,,6,switch,,"Charger 6 (fid=1) not available, trying Charger 17 (fid=12)",1252.4360234851292,17,,
Car 589,,,,,5,switch,,"Charger 5 (fid=5) not available, trying Charger 16 (fid=11)",1252.4761120976489,16,,
Car 534,,,,,4,switch,,"Charger 4 (fid=308108) not available, trying Charger 2 (fid=307904)",1252.5256516560046,2,,
Car 501,,,,,19,switch,,"Charger 19 (fid=14) not available, trying Charger 10 (fid=4)",1252.5965503605107,10,,
Car 499,,,,,7,switch,,"Charger 7 (fid=2) not available, trying Charger 4 (fid=308108)",1252.6537489888894,4,,
Car 584,,,,,17,switch,,"Charger 17 (fid=12) not available, trying Charger 20 (fid=15)",1252.6975926910345,20,,
Car 535,,,,,3,switch,,"Charger 3 (fid=307905) not available, trying Charger 18 (fid=13)",1252.7169444343845,18,,
Car 569,,,,,4,switch,,"Charger 4 (fid=308108) not available, trying Charger 14 (fid=9)",1252.8295930087324,14,,
Car 543,,,,,12,switch,,"Charger 12 (fid=7) not available, trying Charger 10 (fid=4)",1253.014395967657,10,,
Car 606,,,,,16,switch,,"Charger 16 (fid=11) not available, trying Charger 11 (fid=6)",1253.0188542240678,11,,
Car 538,,,,,3,switch,,"Charger 3 (fid=307905) not available, trying Charger 18 (fid=13)",1253.1600415342075,18,,
Car 597,,,,,14,switch,,"Charger 14 (fid=9) not available, trying Charger 9 (fid=3)",1253.199645795813,9,,
Car 556,,,,,2,switch,,"Charger 2 (fid=307904) not available, trying Charger 3 (fid=307905)",1253.4360305904077,3,,
Car 515,,,,,0,switch,,"Charger 0 (fid=308440) not available, trying Charger 17 (fid=12)",1253.6734485170991,17,,
Car 607,,,,61,,arrived,,arrived,1253.6793771736604,,,
Car 603,,,,,3,switch,,"Charger 3 (fid=307905) not available, trying Charger 6 (fid=1)",1253.7422587483384,6,,
Car 572,,,,,6,switch,,"Charger 6 (fid=1) not available, trying Charger 2 (fid=307904)",1253.9161390781217,2,,
Car 469,,,,,,gave_up,20,"no alternate charger available, gave up",1254.0768901175486,,,
Car 580,,,,,19,switch,,"Charger 19 (fid=14) not available, trying Charger 18 (fid=13)",1254.20733125782,18,,
Car 514,,,,,20,switch,,"Charger 20 (fid=15) not available, trying Charger 18 (fid=13)",1254.2898275754833,18,,
Car 578,,,,,2,switch,,"Charger 2 (fid=307904) not available, trying Charger 3 (fid=307905)",1254.3205656787873,3,,
Car 478,,,,,4,switch,,"Charger 4 (fid=308108) not available, trying Charger 20 (fid=15)",1254.502336111459,20,,
Car 540,,,,,5,switch,,"Charger 5 (fid=5) not available, trying Charger 13 (fid=8)",1254.5846503891473,13,,
Car 590,,,,,2,switch,,"Charger 2 (fid=307904) not available, trying Charger 3 (fid=307905)",1254.6605705464879,3,,
Car 582,,,,,15,switch,,"Charger 15 (fid=10) not available, trying Charger 19 (fid=14)",1254.8392952710503,19,,
Car 586,,,,,19,switch,,"Charger 19 (fid=14) not available, trying Charger 1 (fid=308702)",1254.8569600541305,1,,
Car 487,,,,,7,switch,,"Charger 7 (fid=2) not available, trying Charger 8 (fid=91)",1254.8756931361568,8,,
Car 522,,,,,9,switch,,"Charger 9 (fid=3) not available, trying Charger 7 (fid=2)",1254.928911064173,7,,
Car 574,,,,,11,switch,,"Charger 11 (fid=6) not available, trying Charger 0 (fid=308440)",1254.955212044565,0,,
Car 557,,,,,14,switch,,"Charger 14 (fid=9) not available, trying Charger 12 (fid=7)",1255.0724552388529,12,,
Car 598,,,,,16,switch,,"Charger 16 (fid=11) not available, trying Charger 20 (fid=15)",1255.1152380037645,20,,
Car 544,,,,,3,switch,,"Charger 3 (fid=307905) not available, trying Charger 17 (fid=12)",1255.1585810227195,17,,
Car 583,,,,,11,switch,,"Charger 11 (fid=6) not available, trying Charger 13 (fid=8)",1255.1997063631648,13,,
Car 471,,,,,13,switch,,"Charger 13 (fid=8) not available, trying Charger 4 (fid=308108)",1255.2576935534703,4,,
Car 547,,,,,9,switch,,"Charger 9 (fid=3) not available, trying Charger 6 (fid=1)",1255.3963140228907,6,,
Car 477,,,,,1,switch,,"Charger 1 (fid=308702) not available, trying Charger 18 (fid=13)",1255.4028592177406,18,,
Car 599,,,,,16,switch,,"Charger 16 (fid=11) not available, trying Charger 18 (fid=13)",1255.5235212306652,18,,
Car 571,,,,,14,switch,,"Charger 14 (fid=9) not available, trying Charger 6 (fid=1)",1255.5741270801907,6,,
Car 459,100.0,9,14,,,done,,done charging,1255.6312477738645,,,473.3825031576142
Car 568,,9,14,,,start_charge,,starting to charge at Charger 14 (fid=9),1255.6312477738645,,49.97965022684389,
Car 577,,,,,18,switch,,"Charger 18 (fid=13) not available, trying Charger 11 (fid=6)",1255.6444137667677,11,,
Car 545,,,,,1,switch,,"Charger 1 (fid=308702) not available, trying Charger 9 (fid=3)",1255.7853805663228,9,,
Car 530,,,,,17,switch,,"Charger 17 (fid=12) not available, trying Charger 12 (fid=7)",1255.7879065480683,12,,
Car 600,,,,,18,switch,,"Charger 18 (fid=13) not available, trying Charger 16 (fid=11)",1255.8182420025073,16,,
Car 560,,,,,3,switch,,"Charger 3 (fid=307905) not available, trying Charger 1 (fid=308702)",1255.840945082873,1,,
Car 491,,,,,4,switch,,"Charger 4 (fid=308108) not available, trying Charger 20 (fid=15)",1255.9027003147712,20,,
Car 604,,,,,16,switch,,"Charger 16 (fid=11) not available, trying Charger 19 (fid=14)",1256.0988433249352,19,,
Car 486,,,,,,gave_up,18,"no alternate charger available, gave up",1256.1489479759973,,,
Car 520,,,,,9,switch,,"Charger 9 (fid=3) not available, trying Charger 7 (fid=2)",1256.2929992432978,7,,
Car 588,,,,,19,switch,,"Charger 19 (fid=14) not available, trying Charger 16 (fid=11)",1256.3273260713866,16,,
Car 548,,,,,17,switch,,"Charger 17 (fid=12) not available, trying Charger 5 (fid=5)",1256.4765818324872,5,,
Car 566,,,,,0,switch,,"Charger 0 (fid=308440) not available, trying Charger 20 (fid=15)",1256.5540667585556,20,,
Car 475,,,,,0,switch,,"Charger 0 (fid=308440) not available, trying Charger 1 (fid=308702)",1256.7854009996422,1,,
Car 473,65.0,91,8,,,done,,done charging,1256.9546881228055,,,447.4327567360003
Car 542,,91,8,,,start_charge,,starting to charge at Charger 8 (fid=91),1256.9546881228055,,63.074551896429284,
Car 517,,,,,13,switch,,"Charger 13 (fid=8) not available, trying Charger 1 (fid=308702)",1257.0611025834035,1,,
Car 559,,,,,0,switch,,"Charger 0 (fid=308440) not available, trying Charger 20 (fid=15)",1257.7811369193712,20,,
Car 605,,,,,5,switch,,"Charger 5 (fid=5) not available, trying Charger 1 (fid=308702)",1257.9106188670962,1,,
Car 531,,,,,2,switch,,"Charger 2 (fid=307904) not available, trying Charger 3 (fid=307905)",1258.0682051263661,3,,
Car 526,,,,,18,switch,,"Charger 18 (fid=13) not available, trying Charger 12 (fid=7)",1258.242060217993,12,,
Car 608,,,,118,,arrived,,arrived,1258.4248936215422,,,
Car 537,,,,,18,switch,,"Charger 18 (fid=13) not available, trying Charger 4 (fid=308108)",1258.5563627462454,4,,
Car 481,,,,,1,switch,,"Charger 1 (fid=308702) not available, trying Charger 18 (fid=13)",1258.654795396574,18,,
Car 607,,,,,9,switch,,"Charger 9 (fid=3) not available, trying Charger 14 (fid=9)",1258.6793771736604,14,,
Car 556,,,,,3,switch,,"Charger 3 (fid=307905) not available, trying Charger 6 (fid=1)",1258.6996567719718,6,,
Car 602,,,,,11,switch,,"Charger 11 (fid=6) not available, trying Charger 16 (fid=11)",1258.826989702473,16,,
Car 555,,,,,6,switch,,"Charger 6 (fid=1) not available, trying Charger 17 (fid=12)",1258.8822246100076,17,,
Car 595,,,,,2,switch,,"Charger 2 (fid=307904) not available, trying Charger 3 (fid=307905)",1258.8887358673264,3,,
Car 513,,,,,14,switch,,"Charger 14 (fid=9) not available, trying Charger 9 (fid=3)",1258.8942046195634,9,,
Car 519,,,,,12,switch,,"Charger 12 (fid=7) not available, trying Charger 4 (fid=308108)",1258.9143471296238,4,,
Car 587,,,,,17,switch,,"Charger 17 (fid=12) not available, trying Charger 20 (fid=15)",1259.2066098359192,20,,
Car 499,,,,,4,switch,,"Charger 4 (fid=308108) not available, trying Charger 20 (fid=15)",1259.2565333888488,20,,
Car 511,,,,,9,switch,,"Charger 9 (fid=3) not available, trying Charger 7 (fid=2)",1259.2874650509684,7,,
Car 528,,,,,2,switch,,"Charger 2 (fid=307904) not available, trying Charger 3 (fid=307905)",1259.332739474238,3,,
Car 561,,,,,7,switch,,"Charger 7 (fid=2) not available, trying Charger 4 (fid=308108)",1259.3396243092984,4,,
Car 591,,,,,1,switch,,"Charger 1 (fid=308702) not available, trying Charger 16 (fid=11)",1259.3908267491888,16,,
Car 492,58.0,3,9,,,done,,done charging,1259.4208949803838,,,445.8648380438573
Car 597,,3,9,,,start_charge,,starting to charge at Charger 9 (fid=3),1259.4208949803838,,17.13349588335541,
Car 578,,,,,3,switch,,"Charger 3 (fid=307905) not available, trying Charger 10 (fid=4)",1259.5841918603514,10,,
Car 590,,,,,3,switch,,"Charger 3 (fid=307905) not available, trying Charger 20 (fid=15)",1259.924196728052,20,,
Car 603,,,,,6,switch,,"Charger 6 (fid=1) not available, trying Charger 17 (fid=12)",1259.9484491412798,17,,
Car 572,,,,,2,switch,,"Charger 2 (fid=307904) not available, trying Charger 3 (fid=307905)",1260.1059926394423,3,,
Car 551,,,,,1,switch,,"Charger 1 (fid=308702) not available, trying Charger 9 (fid=3)",1260.1667448638693,9,,
Car 606,,,,,11,switch,,"Charger 11 (fid=6) not available, trying Charger 19 (fid=14)",1260.183250357521,19,,
Car 592,,,,,1,switch,,"Charger 1 (fid=308702) not available, trying Charger 16 (fid=11)",1260.5213881054433,16,,
Car 496,,,,,7,switch,,"Charger 7 (fid=2) not available, trying Charger 8 (fid=91)",1260.5359533402498,8,,
Car 596,,,,,19,switch,,"Charger 19 (fid=14) not available, trying Charger 5 (fid=5)",1260.968490242783,5,,
Car 534,,,,,2,switch,,"Charger 2 (fid=307904) not available, trying Charger 3 (fid=307905)",1261.031784670636,3,,
Car 589,,,,,16,switch,,"Charger 16 (fid=11) not available, trying Charger 13 (fid=8)",1261.1341400031238,13,,
Car 554,,,,,6,switch,,"Charger 6 (fid=1) not available, trying Charger 12 (fid=7)",1261.1927336630547,12,,
Car 503,,,,,,gave_up,20,"no alternate charger available, gave up",1261.2297612110451,,,
Car 544,,,,,17,switch,,"Charger 17 (fid=12) not available, trying Charger 7 (fid=2)",1261.3942546693663,7,,
Car 553,,,,,10,switch,,"Charger 10 (fid=4) not available, trying Charger 9 (fid=3)",1261.4479303114301,9,,
Car 487,,,,,,gave_up,8,"no alternate charger available, gave up",1261.7026843231854,,,
Car 493,,,,,5,switch,,"Charger 5 (fid=5) not available, trying Charger 13 (fid=8)",1262.0577295904668,13,,
Car 485,,,,,,gave_up,18,"no alternate charger available, gave up",1262.1759773599276,,,
Car 501,,,,,10,switch,,"Charger 10 (fid=4) not available, trying Charger 5 (fid=5)",1262.2018180362672,5,,
Car 546,,,,,12,switch,,"Charger 12 (fid=7) not available, trying Charger 5 (fid=5)",1262.4061616040801,5,,
Car 580,,,,,18,switch,,"Charger 18 (fid=13) not available, trying Charger 11 (fid=6)",1262.4256433750036,11,,
Car 540,,,,,13,switch,,"Charger 13 (fid=8) not available, trying Charger 15 (fid=10)",1262.520018328767,15,,
Car 477,,,,,,gave_up,18,"no alternate charger available, gave up",1262.586050155601,,,
Car 495,112.0,7,12,,,done,,done charging,1262.8083834460203,,,329.0254089625098
Car 530,,7,12,,,start_charge,,starting to charge at Charger 12 (fid=7),1262.8083834460203,,78.86055169659267,
Car 604,,,,,19,switch,,"Charger 19 (fid=14) not available, trying Charger 6 (fid=1)",1263.3287755618724,6,,
Car 531,,,,,3,switch,,"Charger 3 (fid=307905) not available, trying Charger 12 (fid=7)",1263.3318313079303,12,,
Car 608,,,,,2,switch,,"Charger 2 (fid=307904) not available, trying Charger 3 (fid=307905)",1263.4248936215422,3,,
Car 576,,,,,2,switch,,"Charger 2 (fid=307904) not available, trying Charger 3 (fid=307905)",1263.4867177308092,3,,
Car 588,,,,,16,switch,,"Charger 16 (fid=11) not available, trying Charger 13 (fid=8)",1263.5572583083238,13,,
Car 584,,,,,20,switch,,"Charger 20 (fid=15) not available, trying Charger 11 (fid=6)",1263.5661227971352,11,,
Car 569,,,,,14,switch,,"Charger 14 (fid=9) not available, trying Charger 0 (fid=308440)",1263.6228688652882,0,,
Car 478,,,,,,gave_up,20,"no alternate charger available, gave up",1263.7426287035928,,,
Car 535,,,,,18,switch,,"Charger 18 (fid=13) not available, trying Charger 12 (fid=7)",1263.7842434955624,12,,
Car 586,,,,,1,switch,,"Charger 1 (fid=308702) not available, trying Charger 9 (fid=3)",1263.9585315794104,9,,
Car 515,,,,,17,switch,,"Charger 17 (fid=12) not available, trying Charger 7 (fid=2)",1263.981983481075,7,,
Car 564,92.0,1,6,,,done,,done charging,1264.0068524066603,,,226.10647638976275
Car 556,,1,6,,,start_charge,,starting to charge at Charger 6 (fid=1),1264.0068524066603,,69.10100524174709,
Car 574,,,,,0,switch,,"Charger 0 (fid=308440) not available, trying Charger 1 (fid=308702)",1264.123743033418,1,,
Car 497,,,,,1,switch,,"Charger 1 (fid=308702) not available, trying Charger 18 (fid=13)",1264.151080928506,18,,
Car 595,,,,,3,switch,,"Charger 3 (fid=307905) not available, trying Charger 6 (fid=1)",1264.1523620488906,6,,
Car 538,,,,,18,switch,,"Charger 18 (fid=13) not available, trying Charger 12 (fid=7)",1264.2273405953854,12,,
Car 528,,,,,3,switch,,"Charger 3 (fid=307905) not available, trying Charger 20 (fid=15)",1264.5963656558022,20,,
Car 582,,,,,19,switch,,"Charger 19 (fid=14) not available, trying Charger 11 (fid=6)",1264.7980203170955,11,,
Car 475,,,,,1,switch,,"Charger 1 (fid=308702) not available, trying Charger 18 (fid=13)",1264.8958536270407,18,,
Car 599,,,,,18,switch,,"Charger 18 (fid=13) not available, trying Charger 11 (fid=6)",1265.123289190628,11,,
Car 491,,,,,,gave_up,20,"no alternate charger available, gave up",1265.142992906905,,,
Car 572,,,,,3,switch,,"Charger 3 (fid=307905) not available, trying Charger 10 (fid=4)",1265.3696188210065,10,,
Car 600,,,,,16,switch,,"Charger 16 (fid=11) not available, trying Charger 1 (fid=308702)",1265.41800996247,1,,
Car 543,,,,,10,switch,,"Charger 10 (fid=4) not available, trying Charger 5 (fid=5)",1265.4376298942782,5,,
Car 583,,,,,13,switch,,"Charger 13 (fid=8) not available, trying Charger 6 (fid=1)",1265.4970772573674,6,,
Car 519,,,,,4,switch,,"Charger 4 (fid=308108) not available, trying Charger 17 (fid=12)",1265.5766764650543,17,,
Car 555,,,,,17,switch,,"Charger 17 (fid=12) not available, trying Charger 5 (fid=5)",1265.6528109607975,5,,
Car 598,,,,,20,switch,,"Charger 20 (fid=15) not available, trying Charger 15 (fid=10)",1265.6571830979422,15,,
Car 557,,,,,12,switch,,"Charger 12 (fid=7) not available, trying Charger 9 (fid=3)",1265.6871367201845,9,,
Car 481,,,,,18,switch,,"Charger 18 (fid=13) not available, trying Charger 8 (fid=91)",1265.8379863344344,8,,
Car 561,,,,,4,switch,,"Charger 4 (fid=308108) not available, trying Charger 18 (fid=13)",1265.9424087092577,18,,
Car 602,,,,,16,switch,,"Charger 16 (fid=11) not available, trying Charger 2 (fid=307904)",1265.9913858359262,2,,
Car 571,,,,,6,switch,,"Charger 6 (fid=1) not available, trying Charger 17 (fid=12)",1266.0534387414466,17,,
Car 547,,,,,6,switch,,"Charger 6 (fid=1) not available, trying Charger 2 (fid=307904)",1266.230280172611,2,,
Car 534,,,,,3,switch,,"Charger 3 (fid=307905) not available, trying Charger 20 (fid=15)",1266.2954108522001,20,,
Car 522,,,,,7,switch,,"Charger 7 (fid=2) not available, trying Charger 4 (fid=308108)",1266.4386971909498,4,,
Car 577,,,,,11,switch,,"Charger 11 (fid=6) not available, trying Charger 0 (fid=308440)",1266.4488261760355,0,,
Car 605,,,,,1,switch,,"Charger 1 (fid=308702) not available, trying Charger 13 (fid=8)",1266.4657322245162,13,,
Car 603,,,,,17,switch,,"Charger 17 (fid=12) not available, trying Charger 0 (fid=308440)",1266.7190354920697,0,,
Car 517,,,,,1,switch,,"Charger 1 (fid=308702) not available, trying Charger 10 (fid=4)",1266.9102565073915,10,,
Car 471,,,,,4,switch,,"Charger 4 (fid=308108) not available, trying Charger 20 (fid=15)",1266.9324073066782,20,,
Car 609,,,,88,,arrived,,arrived,1267.1653850707132,,,
Car 560,,,,,1,switch,,"Charger 1 (fid=308702) not available, trying Charger 9 (fid=3)",1267.3450612926392,9,,
Car 496,,,,,,gave_up,8,"no alternate charger available, gave up",1267.3629445272784,,,
Car 607,,,,,14,switch,,"Charger 14 (fid=9) not available, trying Charger 16 (fid=11)",1267.7671304748758,16,,
Car 520,,,,,7,switch,,"Charger 7 (fid=2) not available, trying Charger 4 (fid=308108)",1267.8027853700746,4,,
Car 513,,,,,9,switch,,"Charger 9 (fid=3) not available, trying Charger 15 (fid=10)",1267.9819579207788,15,,
Car 501,,,,,5,switch,,"Charger 5 (fid=5) not available, trying Charger 0 (fid=308440)",1268.0902180846554,0,,
Car 554,,,,,12,switch,,"Charger 12 (fid=7) not available, trying Charger 4 (fid=308108)",1268.1171725512727,4,,
Car 606,,,,,19,switch,,"Charger 19 (fid=14) not available, trying Charger 14 (fid=9)",1268.394067111307,14,,
Car 591,,,,,16,switch,,"Charger 16 (fid=11) not available, trying Charger 19 (fid=14)",1268.4032941410328,19,,
Car 499,,,,,,gave_up,20,"no alternate charger available, gave up",1268.4968259809825,,,
Car 610,,,,65,,arrived,,arrived,1268.595697828136,,,
Car 545,,,,,9,switch,,"Charger 9 (fid=3) not available, trying Charger 8 (fid=91)",1268.645450321212,8,,
Car 608,,,,,3,switch,,"Charger 3 (fid=307905) not available, trying Charger 6 (fid=1)",1268.6885198031064,6,,
Car 576,,,,,3,switch,,"Charger 3 (fid=307905) not available, trying Charger 5 (fid=5)",1268.7503439123734,5,,
Car 540,,,,,15,switch,,"Charger 15 (fid=10) not available, trying Charger 12 (fid=7)",1268.8990033833581,12,,
Car 514,,,,,18,switch,,"Charger 18 (fid=13) not available, trying Charger 17 (fid=12)",1269.1385059365402,17,,
Car 592,,,,,16,switch,,"Charger 16 (fid=11) not available, trying Charger 19 (fid=14)",1269.5338554972873,19,,
Car 589,,,,,13,switch,,"Charger 13 (fid=8) not available, trying Charger 14 (fid=9)",1269.5432902886198,14,,
Car 548,,,,,5,switch,,"Charger 5 (fid=5) not available, trying Charger 13 (fid=8)",1269.6119361378712,13,,
Car 566,,,,,20,switch,,"Charger 20 (fid=15) not available, trying Charger 14 (fid=9)",1269.778827464294,14,,
Car 412,95.0,4,10,,,done,,done charging,1269.8057554984784,,,767.9771144201748
Car 578,,4,10,,,start_charge,,starting to charge at Charger 10 (fid=4),1269.8057554984784,,48.247917533208465,
Car 493,,,,,13,switch,,"Charger 13 (fid=8) not available, trying Charger 4 (fid=308108)",1269.9930975300865,4,,
Car 587,,,,,20,switch,,"Charger 20 (fid=15) not available, trying Charger 11 (fid=6)",1270.0751399420199,11,,
Car 611,,,,15,,arrived,,arrived,1270.2059509143028,,,
Car 590,,,,,20,switch,,"Charger 20 (fid=15) not available, trying Charger 14 (fid=9)",1270.228330876304,14,,
Car 544,,,,,7,switch,,"Charger 7 (fid=2) not available, trying Charger 19 (fid=14)",1270.2700922828649,19,,
Car 595,,,,,6,switch,,"Charger 6 (fid=1) not available, trying Charger 17 (fid=12)",1270.358552441832,17,,
Car 596,,,,,5,switch,,"Charger 5 (fid=5) not available, trying Charger 0 (fid=308440)",1270.7797554855429,0,,
Car 511,,,,,7,switch,,"Charger 7 (fid=2) not available, trying Charger 4 (fid=308108)",1270.7972511777452,4,,
Car 531,,,,,12,switch,,"Charger 12 (fid=7) not available, trying Charger 4 (fid=308108)",1270.927360551441,4,,
Car 559,,,,,20,switch,,"Charger 20 (fid=15) not available, trying Charger 9 (fid=3)",1271.0058976251096,9,,
Car 526,,,,,12,switch,,"Charger 12 (fid=7) not available, trying Charger 4 (fid=308108)",1271.3004963136177,4,,
Car 543,,,,,5,switch,,"Charger 5 (fid=5) not available, trying Charger 13 (fid=8)",1271.3260299426663,13,,
Car 497,,,,,18,switch,,"Charger 18 (fid=13) not available, trying Charger 8 (fid=91)",1271.3342718663664,8,,
Car 472,113.0,11,16,,,done,,done charging,1271.6523816097933,,,355.1531355795725
Car 607,,11,16,,,start_charge,,starting to charge at Charger 16 (fid=11),1271.6523816097933,,11.355328567084825,
Car 612,,,,21,,arrived,,arrived,1271.815416586837,,,
Car 588,,,,,13,switch,,"Charger 13 (fid=8) not available, trying Charger 14 (fid=9)",1271.9664085938198,14,,
Car 504,65.0,5,5,,,done,,done charging,1272.043437283689,,,471.1640702720587
Car 546,,5,5,,,start_charge,,starting to charge at Charger 5 (fid=5),1272.043437283689,,67.00804418598432,
Car 475,,,,,,gave_up,18,"no alternate charger available, gave up",1272.079044564901,,,
Car 609,,,,,8,switch,,"Charger 8 (fid=91) not available, trying Charger 7 (fid=2)",1272.1653850707132,7,,
Car 574,,,,,1,switch,,"Charger 1 (fid=308702) not available, trying Charger 6 (fid=1)",1272.2341956608163,6,,
Car 547,,,,,2,switch,,"Charger 2 (fid=307904) not available, trying Charger 3 (fid=307905)",1272.4201337339316,3,,
Car 537,,,,,4,switch,,"Charger 4 (fid=308108) not available, trying Charger 2 (fid=307904)",1272.5417394446117,2,,
Car 604,,,,,6,switch,,"Charger 6 (fid=1) not available, trying Charger 2 (fid=307904)",1272.6501130370762,2,,
Car 571,,,,,17,switch,,"Charger 17 (fid=12) not available, trying Charger 10 (fid=4)",1272.8240250922365,10,,
Car 515,,,,,7,switch,,"Charger 7 (fid=2) not available, trying Charger 1 (fid=308702)",1272.8578210945736,1,,
Car 582,,,,,11,switch,,"Charger 11 (fid=6) not available, trying Charger 0 (fid=308440)",1273.0088370708816,0,,
Car 551,,,,,9,switch,,"Charger 9 (fid=3) not available, trying Charger 8 (fid=91)",1273.0268146187584,8,,
Car 553,,,,,9,switch,,"Charger 9 (fid=3) not available, trying Charger 8 (fid=91)",1273.0374264153388,8,,
Car 522,,,,,4,switch,,"Charger 4 (fid=308108) not available, trying Charger 8 (fid=91)",1273.0414815909091,8,,
Car 521,69.0,14,19,,,done,,done charging,1273.1867303079848,,,513.3090872106477
Car 611,,14,19,,,start_charge,,starting to charge at Charger 19 (fid=14),1273.1867303079848,,2.9807793936820417,
Car 580,,,,,11,switch,,"Charger 11 (fid=6) not available, trying Charger 0 (fid=308440)",1273.2300557842714,0,,
Car 569,,,,,0,switch,,"Charger 0 (fid=308440) not available, trying Charger 20 (fid=15)",1273.4404829672665,20,,
Car 610,,,,,10,switch,,"Charger 10 (fid=4) not available, trying Charger 13 (fid=8)",1273.595697828136,13,,
Car 584,,,,,11,switch,,"Charger 11 (fid=6) not available, trying Charger 19 (fid=14)",1274.294561598425,19,,
Car 520,,,,,4,switch,,"Charger 4 (fid=308108) not available, trying Charger 8 (fid=91)",1274.405569770034,8,,
Car 600,,,,,1,switch,,"Charger 1 (fid=308702) not available, trying Charger 11 (fid=6)",1274.430477354314,11,,
Car 519,,,,,17,switch,,"Charger 17 (fid=12) not available, trying Charger 20 (fid=15)",1274.6635422691552,20,,
Car 554,,,,,4,switch,,"Charger 4 (fid=308108) not available, trying Charger 2 (fid=307904)",1274.7795018867032,2,,
Car 602,,,,,2,switch,,"Charger 2 (fid=307904) not available, trying Charger 3 (fid=307905)",1274.809844461203,3,,
Car 608,,,,,6,switch,,"Charger 6 (fid=1) not available, trying Charger 17 (fid=12)",1274.8947101960478,17,,
Car 528,,,,,20,switch,,"Charger 20 (fid=15) not available, trying Charger 17 (fid=12)",1274.900499804054,17,,
Car 517,,,,,10,switch,,"Charger 10 (fid=4) not available, trying Charger 18 (fid=13)",1275.259372297808,18,,
Car 613,,,,5,,arrived,,arrived,1275.4803687021852,,,
Car 462,47.0,15,20,,,done,,done charging,1275.5857233124036,,,830.6543980875425
Car 471,,15,20,,,start_charge,,starting to charge at Charger 20 (fid=15),1275.5857233124036,,104.41302341359165,
Car 577,,,,,0,switch,,"Charger 0 (fid=308440) not available, trying Charger 9 (fid=3)",1275.6173571648883,9,,
Car 591,,,,,19,switch,,"Charger 19 (fid=14) not available, trying Charger 18 (fid=13)",1275.63322637797,18,,
Car 599,,,,,11,switch,,"Charger 11 (fid=6) not available, trying Charger 1 (fid=308702)",1275.9277015998957,1,,
Car 589,,,,,14,switch,,"Charger 14 (fid=9) not available, trying Charger 11 (fid=6)",1275.9631948118465,11,,
Car 605,,,,,13,switch,,"Charger 13 (fid=8) not available, trying Charger 16 (fid=11)",1276.3148861485042,16,,
Car 557,,,,,9,switch,,"Charger 9 (fid=3) not available, trying Charger 8 (fid=91)",1276.4608942565906,8,,
Car 534,,,,,20,switch,,"Charger 20 (fid=15) not available, trying Charger 18 (fid=13)",1276.599545000452,18,,
Car 592,,,,,19,switch,,"Charger 19 (fid=14) not available, trying Charger 18 (fid=13)",1276.7637877342245,18,,
Car 612,,,,,0,switch,,"Charger 0 (fid=308440) not available, trying Charger 19 (fid=14)",1276.815416586837,19,,
Car 586,,,,,9,switch,,"Charger 9 (fid=3) not available, trying Charger 11 (fid=6)",1276.8186013342995,11,,
Car 535,,,,,12,switch,,"Charger 12 (fid=7) not available, trying Charger 4 (fid=308108)",1276.842679591187,4,,
Car 583,,,,,6,switch,,"Charger 6 (fid=1) not available, trying Charger 12 (fid=7)",1276.8578268152755,12,,
Car 603,,,,,0,switch,,"Charger 0 (fid=308440) not available, trying Charger 12 (fid=7)",1277.0275704560456,12,,
Car 595,,,,,17,switch,,"Charger 17 (fid=12) not available, trying Charger 20 (fid=15)",1277.129138792622,20,,
Car 536,109.0,10,15,,,done,,done charging,1277.1304989722662,,,191.66052025937313
Car 598,,10,15,,,start_charge,,starting to charge at Charger 15 (fid=10),1277.1304989722662,,24.7897021418255,
Car 565,58.0,15,20,,,done,,done charging,1277.2821274260073,,,285.4391716167787
Car 538,,,,,12,switch,,"Charger 12 (fid=7) not available, trying Charger 4 (fid=308108)",1277.2857766910101,4,,
Car 572,,,,,10,switch,,"Charger 10 (fid=4) not available, trying Charger 5 (fid=5)",1277.343264925925,5,,
Car 511,,,,,4,switch,,"Charger 4 (fid=308108) not available, trying Charger 8 (fid=91)",1277.4000355777046,8,,
Car 606,,,,,14,switch,,"Charger 14 (fid=9) not available, trying Charger 0 (fid=308440)",1277.4657631455782,0,,
Car 548,,,,,13,switch,,"Charger 13 (fid=8) not available, trying Charger 15 (fid=10)",1277.547304077491,15,,
Car 513,,,,,15,switch,,"Charger 15 (fid=10) not available, trying Charger 13 (fid=8)",1277.581981843038,13,,
Car 531,,,,,4,switch,,"Charger 4 (fid=308108) not available, trying Charger 17 (fid=12)",1277.5896898868716,17,,
Car 547,,,,,3,switch,,"Charger 3 (fid=307905) not available, trying Charger 12 (fid=7)",1277.6837599154958,12,,
Car 526,,,,,4,switch,,"Charger 4 (fid=308108) not available, trying Charger 17 (fid=12)",1277.9628256490482,17,,
Car 588,,,,,14,switch,,"Charger 14 (fid=9) not available, trying Charger 11 (fid=6)",1278.3863131170465,11,,
Car 501,,,,,0,switch,,"Charger 0 (fid=308440) not available, trying Charger 1 (fid=308702)",1278.6474013951224,1,,
Car 555,,,,,5,switch,,"Charger 5 (fid=5) not available, trying Charger 13 (fid=8)",1278.7881652661815,13,,
Car 604,,,,,2,switch,,"Charger 2 (fid=307904) not available, trying Charger 3 (fid=307905)",1278.8399665983968,3,,
Car 609,,,,,7,switch,,"Charger 7 (fid=2) not available, trying Charger 4 (fid=308108)",1278.9923762577419,4,,
Car 543,,,,,13,switch,,"Charger 13 (fid=8) not available, trying Charger 9 (fid=3)",1279.261397882286,9,,
Car 559,,,,,9,switch,,"Charger 9 (fid=3) not available, trying Charger 8 (fid=91)",1279.437422877096,8,,
Car 481,,,,,,gave_up,8,"no alternate charger available, gave up",1279.5533037623404,,,
Car 549,49.0,308440,0,,,done,,done charging,1279.7468422087732,,,355.17279174772494
Car 596,,308440,0,,,start_charge,,starting to charge at Charger 0 (fid=308440),1279.7468422087732,,28.409903412763242,
Car 561,,,,,18,switch,,"Charger 18 (fid=13) not available, trying Charger 1 (fid=308702)",1279.927785407624,1,,
Car 573,79.0,308108,4,,,done,,done charging,1279.9337718215072,,,274.87579336332186
Car 493,,308108,4,,,start_charge,,starting to charge at Charger 4 (fid=308108),1279.9337718215072,,98.26596053821277,
Car 540,,,,,12,switch,,"Charger 12 (fid=7) not available, trying Charger 9 (fid=3)",1280.059504738764,9,,
Car 602,,,,,3,switch,,"Charger 3 (fid=307905) not available, trying Charger 6 (fid=1)",1280.0734706427672,6,,
Car 614,,,,73,,arrived,,arrived,1280.1046639524914,,,
Car 560,,,,,9,switch,,"Charger 9 (fid=3) not available, trying Charger 12 (fid=7)",1280.2051310475283,12,,
Car 522,,,,,8,switch,,"Charger 8 (fid=91) not available, trying Charger 20 (fid=15)",1280.2518932739902,20,,
Car 613,,,,,5,switch,,"Charger 5 (fid=5) not available, trying Charger 10 (fid=4)",1280.4803687021852,10,,
Car 519,,15,20,,,start_charge,,starting to charge at Charger 20 (fid=15),1280.532072375256,,90.0,
Car 615,,,,45,,arrived,,arrived,1280.731893149752,,,
Car 545,,,,,8,switch,,"Charger 8 (fid=91) not available, trying Charger 15 (fid=10)",1280.7628637311104,15,,
Car 587,,,,,11,switch,,"Charger 11 (fid=6) not available, trying Charger 19 (fid=14)",1280.8035787433096,19,,
Car 576,,,,,5,switch,,"Charger 5 (fid=5) not available, trying Charger 13 (fid=8)",1280.9299875842953,13,,
Car 566,,,,,14,switch,,"Charger 14 (fid=9) not available, trying Charger 18 (fid=13)",1280.947865273703,18,,
Car 537,,,,,2,switch,,"Charger 2 (fid=307904) not available, trying Charger 3 (fid=307905)",1281.047872459243,3,,
Car 610,,,,,13,switch,,"Charger 13 (fid=8) not available, trying Charger 5 (fid=5)",1281.0610026475085,5,,
Car 514,,,,,17,switch,,"Charger 17 (fid=12) not available, trying Charger 7 (fid=2)",1281.16151563118,7,,
Car 590,,,,,14,switch,,"Charger 14 (fid=9) not available, trying Charger 11 (fid=6)",1281.397368685713,11,,
Car 544,,,,,19,switch,,"Charger 19 (fid=14) not available, trying Charger 8 (fid=91)",1281.5350040322623,8,,
Car 520,,,,,8,switch,,"Charger 8 (fid=91) not available, trying Charger 20 (fid=15)",1281.615981453115,20,,
Car 608,,,,,17,switch,,"Charger 17 (fid=12) not available, trying Charger 0 (fid=308440)",1281.6652965468377,0,,
Car 532,54.0,308702,1,,,done,,done charging,1281.7734642897803,,,524.6667266868686
Car 515,,308702,1,,,start_charge,,starting to charge at Charger 1 (fid=308702),1281.7734642897803,,90.70252737548162,
Car 616,,,,18,,arrived,,arrived,1281.9492274093288,,,
Car 582,,,,,0,switch,,"Charger 0 (fid=308440) not available, trying Charger 18 (fid=13)",1282.1773680597344,18,,
Car 580,,,,,0,switch,,"Charger 0 (fid=308440) not available, trying Charger 9 (fid=3)",1282.3985867731242,9,,
Car 584,,,,,19,switch,,"Charger 19 (fid=14) not available, trying Charger 16 (fid=11)",1282.505378352211,16,,
Car 572,,,,,5,switch,,"Charger 5 (fid=5) not available, trying Charger 0 (fid=308440)",1283.2316649743132,0,,
Car 554,,,,,2,switch,,"Charger 2 (fid=307904) not available, trying Charger 3 (fid=307905)",1283.2856349013346,3,,
Car 612,,,,,19,switch,,"Charger 19 (fid=14) not available, trying Charger 18 (fid=13)",1283.409811048702,18,,
Car 535,,,,,4,switch,,"Charger 4 (fid=308108) not available, trying Charger 17 (fid=12)",1283.5050089266176,17,,
Car 583,,,,,12,switch,,"Charger 12 (fid=7) not available, trying Charger 19 (fid=14)",1283.7822657034935,19,,
Car 591,,,,,18,switch,,"Charger 18 (fid=13) not available, trying Charger 11 (fid=6)",1283.8515384951536,11,,
Car 548,,,,,15,switch,,"Charger 15 (fid=10) not available, trying Charger 12 (fid=7)",1283.926289132082,12,,
Car 538,,,,,4,switch,,"Charger 4 (fid=308108) not available, trying Charger 17 (fid=12)",1283.9481060264407,17,,
Car 513,,,,,13,switch,,"Charger 13 (fid=8) not available, trying Charger 10 (fid=4)",1283.960966897629,10,,
Car 574,,,,,6,switch,,"Charger 6 (fid=1) not available, trying Charger 12 (fid=7)",1284.098125463101,12,,
Car 604,,,,,3,switch,,"Charger 3 (fid=307905) not available, trying Charger 12 (fid=7)",1284.103592779961,12,,
Car 511,,,,,8,switch,,"Charger 8 (fid=91) not available, trying Charger 20 (fid=15)",1284.6104472607856,20,,
Car 600,,,,,11,switch,,"Charger 11 (fid=6) not available, trying Charger 2 (fid=307904)",1284.6475891954628,2,,
Car 605,,,,,16,switch,,"Charger 16 (fid=11) not available, trying Charger 14 (fid=9)",1284.7240364340003,14,,
Car 592,,,,,18,switch,,"Charger 18 (fid=13) not available, trying Charger 11 (fid=6)",1284.982099851408,11,,
Car 497,,,,,,gave_up,8,"no alternate charger available, gave up",1285.0495892942724,,,
Car 614,,,,,14,switch,,"Charger 14 (fid=9) not available, trying Charger 16 (fid=11)",1285.1046639524914,16,,
Car 551,,,,,8,switch,,"Charger 8 (fid=91) not available, trying Charger 15 (fid=10)",1285.144228028657,15,,
Car 553,,,,,8,switch,,"Charger 8 (fid=91) not available, trying Charger 5 (fid=5)",1285.1548398252373,5,,
Car 547,,,,,12,switch,,"Charger 12 (fid=7) not available, trying Charger 4 (fid=308108)",1285.2792891590066,4,,
Car 589,,,,,11,switch,,"Charger 11 (fid=6) not available, trying Charger 15 (fid=10)",1285.379127809397,15,,
Car 517,,,,,18,switch,,"Charger 18 (fid=13) not available, trying Charger 5 (fid=5)",1285.4266428036924,5,,
Car 609,,,,,4,switch,,"Charger 4 (fid=308108) not available, trying Charger 12 (fid=7)",1285.5951606577012,12,,
Car 615,,,,,16,switch,,"Charger 16 (fid=11) not available, trying Charger 11 (fid=6)",1285.731893149752,11,,
Car 571,,,,,10,switch,,"Charger 10 (fid=4) not available, trying Charger 5 (fid=5)",1285.7533818306172,5,,
Car 528,,,,,17,switch,,"Charger 17 (fid=12) not available, trying Charger 18 (fid=13)",1285.7690299101548,18,,
Car 449,105.0,308108,4,,,done,,done charging,1286.0868594990459,,,633.232297543721
Car 599,,,,,1,switch,,"Charger 1 (fid=308702) not available, trying Charger 2 (fid=307904)",1286.1448134410446,2,,
Car 602,,,,,6,switch,,"Charger 6 (fid=1) not available, trying Charger 17 (fid=12)",1286.2796610357086,17,,
Car 537,,,,,3,switch,,"Charger 3 (fid=307905) not available, trying Charger 20 (fid=15)",1286.3114986408073,20,,
Car 613,,,,,10,switch,,"Charger 10 (fid=4) not available, trying Charger 13 (fid=8)",1286.3687687505733,13,,
Car 586,,,,,11,switch,,"Charger 11 (fid=6) not available, trying Charger 0 (fid=308440)",1286.6134699704205,0,,
Car 569,,,,,20,switch,,"Charger 20 (fid=15) not available, trying Charger 9 (fid=3)",1286.6652436730049,9,,
Car 531,,,,,17,switch,,"Charger 17 (fid=12) not available, trying Charger 20 (fid=15)",1286.6765556909725,20,,
Car 555,,,,,13,switch,,"Charger 13 (fid=8) not available, trying Charger 15 (fid=10)",1286.7235332058012,15,,
Car 501,,,,,1,switch,,"Charger 1 (fid=308702) not available, trying Charger 18 (fid=13)",1286.7578540225209,18,,
Car 547,,308108,4,,,start_charge,,starting to charge at Charger 4 (fid=308108),1286.941618494437,,80.0,
Car 616,,,,,19,switch,,"Charger 19 (fid=14) not available, trying Charger 0 (fid=308440)",1286.9492274093288,0,,
Car 526,,,,,17,switch,,"Charger 17 (fid=12) not available, trying Charger 20 (fid=15)",1287.049691453149,20,,
Car 561,,,,,1,switch,,"Charger 1 (fid=308702) not available, trying Charger 20 (fid=15)",1287.1109763454845,20,,
Car 606,,,,,0,switch,,"Charger 0 (fid=308440) not available, trying Charger 15 (fid=10)",1287.2833772475565,15,,
Car 577,,,,,9,switch,,"Charger 9 (fid=3) not available, trying Charger 6 (fid=1)",1287.440809832578,6,,
Car 588,,,,,11,switch,,"Charger 11 (fid=6) not available, trying Charger 15 (fid=10)",1287.802246114597,15,,
Car 595,,,,,20,switch,,"Charger 20 (fid=15) not available, trying Charger 11 (fid=6)",1287.9976688987226,11,,
Car 617,,,,64,,arrived,,arrived,1288.2707037755895,,,
Car 603,,,,,12,switch,,"Charger 12 (fid=7) not available, trying Charger 19 (fid=14)",1288.462088896352,19,,
Car 554,,,,,3,switch,,"Charger 3 (fid=307905) not available, trying Charger 20 (fid=15)",1288.5492610828987,20,,
Car 557,,,,,8,switch,,"Charger 8 (fid=91) not available, trying Charger 10 (fid=4)",1288.578307666489,10,,
Car 576,,,,,13,switch,,"Charger 13 (fid=8) not available, trying Charger 15 (fid=10)",1288.865355523915,15,,
Car 610,,,,,5,switch,,"Charger 5 (fid=5) not available, trying Charger 15 (fid=10)",1288.9963705871282,15,,
Car 587,,,,,19,switch,,"Charger 19 (fid=14) not available, trying Charger 16 (fid=11)",1289.0143954970956,16,,
Car 558,101.0,11,16,,,done,,done charging,1289.1526220783264,,,200.5207576793668
Car 584,,11,16,,,start_charge,,starting to charge at Charger 16 (fid=11),1289.1526220783264,,59.417311489178246,
Car 543,,,,,9,switch,,"Charger 9 (fid=3) not available, trying Charger 15 (fid=10)",1289.2305890801535,15,,
Car 582,,,,,18,switch,,"Charger 18 (fid=13) not available, trying Charger 9 (fid=3)",1289.4045612790364,9,,
Car 581,77.0,6,11,,,done,,done charging,1289.4245212532517,,,226.23468890666004
Car 590,,6,11,,,start_charge,,starting to charge at Charger 11 (fid=6),1289.4245212532517,,43.61121956998818,
Car 514,,,,,7,switch,,"Charger 7 (fid=2) not available, trying Charger 8 (fid=91)",1290.0373532446786,8,,
Car 522,,,,,,gave_up,20,"no alternate charger available, gave up",1290.0717424733666,,,
Car 476,73.0,2,7,,,done,,done charging,1290.383696273566,,,742.1957015510812
Car 617,,2,7,,,start_charge,,starting to charge at Charger 7 (fid=2),1290.383696273566,,2.11299249797662,
Car 570,80.0,3,9,,,done,,done charging,1290.6356606964696,,,228.93059149510836
Car 540,,3,9,,,start_charge,,starting to charge at Charger 9 (fid=3),1290.6356606964696,,84.80239842129959,
Car 560,,,,,12,switch,,"Charger 12 (fid=7) not available, trying Charger 18 (fid=13)",1290.9788885839343,18,,
Car 574,,,,,12,switch,,"Charger 12 (fid=7) not available, trying Charger 4 (fid=308108)",1291.022564351319,4,,
Car 513,,,,,10,switch,,"Charger 10 (fid=4) not available, trying Charger 5 (fid=5)",1291.4262717170016,5,,
Car 520,,,,,,gave_up,20,"no alternate charger available, gave up",1291.4358306524914,,,
Car 534,,,,,18,switch,,"Charger 18 (fid=13) not available, trying Charger 17 (fid=12)",1291.448223361509,17,,
Car 559,,,,,8,switch,,"Charger 8 (fid=91) not available, trying Charger 15 (fid=10)",1291.5548362869945,15,,
Car 612,,,,,18,switch,,"Charger 18 (fid=13) not available, trying Charger 16 (fid=11)",1291.6281231658857,16,,
Car 571,,,,,5,switch,,"Charger 5 (fid=5) not available, trying Charger 13 (fid=8)",1291.6417818790053,13,,
Car 604,,,,,12,switch,,"Charger 12 (fid=7) not available, trying Charger 0 (fid=308440)",1291.6991220234718,0,,
Car 494,103.0,8,13,,,done,,done charging,1291.8404102292454,,,351.784108019136
Car 613,,8,13,,,start_charge,,starting to charge at Charger 13 (fid=8),1291.8404102292454,,13.006336659299677,
Car 608,,,,,0,switch,,"Charger 0 (fid=308440) not available, trying Charger 19 (fid=14)",1291.9738315108136,19,,
Car 605,,,,,14,switch,,"Charger 14 (fid=9) not available, trying Charger 15 (fid=10)",1292.253959001833,15,,
Car 618,,,,14,,arrived,,arrived,1292.2573967421647,,,
Car 609,,,,,12,switch,,"Charger 12 (fid=7) not available, trying Charger 2 (fid=307904)",1292.2574899931317,2,,
Car 566,,,,,18,switch,,"Charger 18 (fid=13) not available, trying Charger 9 (fid=3)",1292.3893970309996,9,,
Car 544,,,,,8,switch,,"Charger 8 (fid=91) not available, trying Charger 10 (fid=4)",1292.578132494438,10,,
Car 535,,,,,17,switch,,"Charger 17 (fid=12) not available, trying Charger 20 (fid=15)",1292.5918747307185,20,,
Car 614,,,,,16,switch,,"Charger 16 (fid=11) not available, trying Charger 10 (fid=4)",1292.634586520324,10,,
Car 619,,,,32,,arrived,,arrived,1292.6448637927147,,,
Car 620,,,,13,,arrived,,arrived,1292.6606702771905,,,
Car 615,,,,,11,switch,,"Charger 11 (fid=6) not available, trying Charger 14 (fid=9)",1292.8962892832053,14,,
Car 600,,,,,2,switch,,"Charger 2 (fid=307904) not available, trying Charger 3 (fid=307905)",1292.9722734339223,3,,
Car 538,,,,,17,switch,,"Charger 17 (fid=12) not available, trying Charger 20 (fid=15)",1293.0349718305415,20,,
Car 602,,,,,17,switch,,"Charger 17 (fid=12) not available, trying Charger 18 (fid=13)",1293.0502473864985,18,,
Car 555,,,,,15,switch,,"Charger 15 (fid=10) not available, trying Charger 12 (fid=7)",1293.1025182603923,12,,
Car 616,,,,,0,switch,,"Charger 0 (fid=308440) not available, trying Charger 16 (fid=11)",1293.5436218711939,16,,
Car 545,,,,,15,switch,,"Charger 15 (fid=10) not available, trying Charger 7 (fid=2)",1293.740691039612,7,,
Car 572,,,,,0,switch,,"Charger 0 (fid=308440) not available, trying Charger 12 (fid=7)",1293.7888482847802,12,,
Car 501,,,,,,gave_up,18,"no alternate charger available, gave up",1293.9410449603813,,,
Car 580,,,,,9,switch,,"Charger 9 (fid=3) not available, trying Charger 6 (fid=1)",1294.222039440814,6,,
Car 583,,,,,19,switch,,"Charger 19 (fid=14) not available, trying Charger 4 (fid=308108)",1294.3195044826048,4,,
Car 593,65.0,308702,1,,,done,,done charging,1294.4121475123934,,,192.27447817342818
Car 619,,308702,1,,,start_charge,,starting to charge at Charger 1 (fid=308702),1294.4121475123934,,1.767283719678744,
Car 511,,,,,,gave_up,20,"no alternate charger available, gave up",1294.430296460162,,,
Car 591,,,,,11,switch,,"Charger 11 (fid=6) not available, trying Charger 0 (fid=308440)",1294.6559509044214,0,,
Car 548,,,,,12,switch,,"Charger 12 (fid=7) not available, trying Charger 9 (fid=3)",1295.0867904874879,9,,
Car 569,,,,,9,switch,,"Charger 9 (fid=3) not available, trying Charger 8 (fid=91)",1295.0967689249912,8,,
Car 576,,,,,15,switch,,"Charger 15 (fid=10) not available, trying Charger 6 (fid=1)",1295.2443405785061,6,,
Car 589,,,,,15,switch,,"Charger 15 (fid=10) not available, trying Charger 2 (fid=307904)",1295.3632367814396,2,,
Car 621,,,,37,,arrived,,arrived,1295.7406117898574,,,
Car 586,,,,,0,switch,,"Charger 0 (fid=308440) not available, trying Charger 6 (fid=1)",1295.7820009592733,6,,
Car 592,,,,,11,switch,,"Charger 11 (fid=6) not available, trying Charger 0 (fid=308440)",1295.7865122606759,0,,
Car 517,,,,,,gave_up,5,"no alternate charger available, gave up",1295.79991087658,,,
Car 587,,,,,16,switch,,"Charger 16 (fid=11) not available, trying Charger 0 (fid=308440)",1296.2443277340328,0,,
Car 537,,,,,20,switch,,"Charger 20 (fid=15) not available, trying Charger 17 (fid=12)",1296.6156327890592,17,,
Car 514,,,,,,gave_up,8,"no alternate charger available, gave up",1296.8643444317072,,,
Car 618,,,,,19,switch,,"Charger 19 (fid=14) not available, trying Charger 0 (fid=308440)",1297.2573967421647,0,,
Car 513,,,,,,gave_up,5,"no alternate charger available, gave up",1297.3146717653897,,,
Car 531,,,,,20,switch,,"Charger 20 (fid=15) not available, trying Charger 7 (fid=2)",1297.5450857970732,7,,
Car 599,,,,,2,switch,,"Charger 2 (fid=307904) not available, trying Charger 3 (fid=307905)",1297.63259281919,3,,
Car 620,,,,,18,switch,,"Charger 18 (fid=13) not available, trying Charger 1 (fid=308702)",1297.6606702771905,1,,
Car 574,,,,,4,switch,,"Charger 4 (fid=308108) not available, trying Charger 2 (fid=307904)",1297.6848936867495,2,,
Car 610,,,,,15,switch,,"Charger 15 (fid=10) not available, trying Charger 14 (fid=9)",1297.698095479401,14,,
Car 588,,,,,15,switch,,"Charger 15 (fid=10) not available, trying Charger 2 (fid=307904)",1297.7863550866396,2,,
Car 528,,,,,18,switch,,"Charger 18 (fid=13) not available, trying Charger 7 (fid=2)",1297.7920396047946,7,,
Car 526,,,,,20,switch,,"Charger 20 (fid=15) not available, trying Charger 7 (fid=2)",1297.9182215592498,7,,
Car 606,,,,,15,switch,,"Charger 15 (fid=10) not available, trying Charger 13 (fid=8)",1297.9880203613088,13,,
Car 551,,,,,15,switch,,"Charger 15 (fid=10) not available, trying Charger 7 (fid=2)",1298.1220553371586,7,,
Car 600,,,,,3,switch,,"Charger 3 (fid=307905) not available, trying Charger 14 (fid=9)",1298.2358996154865,14,,
Car 577,,,,,6,switch,,"Charger 6 (fid=1) not available, trying Charger 2 (fid=307904)",1298.2747759822983,2,,
Car 444,99.0,2,7,,,done,,done charging,1298.319144301724,,,421.05141519170246
Car 608,,,,,19,switch,,"Charger 19 (fid=14) not available, trying Charger 12 (fid=7)",1298.5682259726786,12,,
Car 595,,,,,11,switch,,"Charger 11 (fid=6) not available, trying Charger 19 (fid=14)",1298.7261077000123,19,,
Car 605,,,,,15,switch,,"Charger 15 (fid=10) not available, trying Charger 19 (fid=14)",1298.7888703580495,19,,
Car 543,,,,,15,switch,,"Charger 15 (fid=10) not available, trying Charger 8 (fid=91)",1298.8306130024127,8,,
Car 554,,,,,20,switch,,"Charger 20 (fid=15) not available, trying Charger 17 (fid=12)",1298.8533952311507,17,,
Car 527,104.0,8,13,,,done,,done charging,1298.9930518600072,,,424.76823714233984
Car 571,,8,13,,,start_charge,,starting to charge at Charger 13 (fid=8),1298.9930518600072,,69.4159020413822,
Car 603,,,,,19,switch,,"Charger 19 (fid=14) not available, trying Charger 11 (fid=6)",1298.9993276754633,11,,
Car 553,,,,,5,switch,,"Charger 5 (fid=5) not available, trying Charger 13 (fid=8)",1299.6013972719577,13,,
Car 609,,,,,2,switch,,"Charger 2 (fid=307904) not available, trying Charger 3 (fid=307905)",1299.8366824050217,3,,
Car 622,,,,8,,arrived,,arrived,1300.5449799463593,,,
Car 621,,,,,10,switch,,"Charger 10 (fid=4) not available, trying Charger 5 (fid=5)",1300.7406117898574,5,,
Car 614,,,,,10,switch,,"Charger 10 (fid=4) not available, trying Charger 5 (fid=5)",1301.0866168587957,5,,
Car 545,,2,7,,,start_charge,,starting to charge at Charger 7 (fid=2),1301.1108910649918,,75.0,
Car 612,,,,,16,switch,,"Charger 16 (fid=11) not available, trying Charger 1 (fid=308702)",1301.2278911258484,1,,
Car 561,,,,,20,switch,,"Charger 20 (fid=15) not available, trying Charger 14 (fid=9)",1301.3723541384225,14,,
Car 616,,,,,16,switch,,"Charger 16 (fid=11) not available, trying Charger 18 (fid=13)",1301.5194721758382,18,,
Car 615,,,,,14,switch,,"Charger 14 (fid=9) not available, trying Charger 9 (fid=3)",1302.3122222807558,9,,
Car 453,117.0,7,12,,,done,,done charging,1302.6407376929485,,,632.1117718005104
Car 555,,7,12,,,start_charge,,starting to charge at Charger 12 (fid=7),1302.6407376929485,,78.37771807715035,
Car 557,,,,,10,switch,,"Charger 10 (fid=4) not available, trying Charger 15 (fid=10)",1302.818867546206,15,,
Car 582,,,,,9,switch,,"Charger 9 (fid=3) not available, trying Charger 6 (fid=1)",1302.8519316020445,6,,
Car 599,,,,,3,switch,,"Charger 3 (fid=307905) not available, trying Charger 14 (fid=9)",1302.8962190007542,14,,
Car 604,,,,,0,switch,,"Charger 0 (fid=308440) not available, trying Charger 17 (fid=12)",1303.1336404637782,17,,
Car 535,,,,,20,switch,,"Charger 20 (fid=15) not available, trying Charger 7 (fid=2)",1303.4604048368192,7,,
Car 534,,,,,17,switch,,"Charger 17 (fid=12) not available, trying Charger 7 (fid=2)",1303.4712330561488,7,,
Car 591,,,,,0,switch,,"Charger 0 (fid=308440) not available, trying Charger 9 (fid=3)",1303.8244818932742,9,,
Car 618,,,,,0,switch,,"Charger 0 (fid=308440) not available, trying Charger 16 (fid=11)",1303.8517912040297,16,,
Car 538,,,,,20,switch,,"Charger 20 (fid=15) not available, trying Charger 7 (fid=2)",1303.9035019366422,7,,
Car 560,,,,,18,switch,,"Charger 18 (fid=13) not available, trying Charger 17 (fid=12)",1304.037324679559,17,,
Car 587,,,,,0,switch,,"Charger 0 (fid=308440) not available, trying Charger 9 (fid=3)",1304.2201780386772,9,,
Car 610,,,,,14,switch,,"Charger 14 (fid=9) not available, trying Charger 1 (fid=308702)",1304.2330068356175,1,,
Car 606,,,,,13,switch,,"Charger 13 (fid=8) not available, trying Charger 10 (fid=4)",1304.3670054159,10,,
Car 577,,,,,2,switch,,"Charger 2 (fid=307904) not available, trying Charger 3 (fid=307905)",1304.464629543619,3,,
Car 559,,,,,15,switch,,"Charger 15 (fid=10) not available, trying Charger 13 (fid=8)",1304.5326635954962,13,,
Car 620,,,,,1,switch,,"Charger 1 (fid=308702) not available, trying Charger 0 (fid=308440)",1304.843861215051,0,,
Car 592,,,,,0,switch,,"Charger 0 (fid=308440) not available, trying Charger 9 (fid=3)",1304.9550432495287,9,,
Car 580,,,,,6,switch,,"Charger 6 (fid=1) not available, trying Charger 2 (fid=307904)",1305.0560055905341,2,,
Car 602,,,,,18,switch,,"Charger 18 (fid=13) not available, trying Charger 1 (fid=308702)",1305.0732570811383,1,,
Car 609,,,,,3,switch,,"Charger 3 (fid=307905) not available, trying Charger 6 (fid=1)",1305.100308586586,6,,
Car 572,,,,,12,switch,,"Charger 12 (fid=7) not available, trying Charger 4 (fid=308108)",1305.2233667250866,4,,
Car 622,,,,,13,switch,,"Charger 13 (fid=8) not available, trying Charger 15 (fid=10)",1305.5449799463593,15,,
Car 583,,,,,4,switch,,"Charger 4 (fid=308108) not available, trying Charger 2 (fid=307904)",1305.7836838644573,2,,
Car 566,,,,,9,switch,,"Charger 9 (fid=3) not available, trying Charger 15 (fid=10)",1305.8367673540076,15,,
Car 548,,,,,9,switch,,"Charger 9 (fid=3) not available, trying Charger 7 (fid=2)",1305.860548023894,7,,
Car 586,,,,,6,switch,,"Charger 6 (fid=1) not available, trying Charger 12 (fid=7)",1306.0610526695439,12,,
Car 574,,,,,2,switch,,"Charger 2 (fid=307904) not available, trying Charger 3 (fid=307905)",1306.191026701381,3,,
Car 576,,,,,6,switch,,"Charger 6 (fid=1) not available, trying Charger 17 (fid=12)",1306.2694721138362,17,,
Car 621,,,,,5,switch,,"Charger 5 (fid=5) not available, trying Charger 14 (fid=9)",1306.6290118382456,14,,
Car 531,,,,,7,switch,,"Charger 7 (fid=2) not available, trying Charger 8 (fid=91)",1306.757307713328,8,,
Car 544,,,,,10,switch,,"Charger 10 (fid=4) not available, trying Charger 5 (fid=5)",1306.818692374155,5,,
Car 595,,,,,19,switch,,"Charger 19 (fid=14) not available, trying Charger 16 (fid=11)",1306.9369244537984,16,,
Car 614,,,,,5,switch,,"Charger 5 (fid=5) not available, trying Charger 13 (fid=8)",1306.9750169071838,13,,
Car 589,,,,,2,switch,,"Charger 2 (fid=307904) not available, trying Charger 3 (fid=307905)",1306.9996420596603,3,,
Car 526,,,,,7,switch,,"Charger 7 (fid=2) not available, trying Charger 8 (fid=91)",1307.1304434755045,8,,
Car 603,,,,,11,switch,,"Charger 11 (fid=6) not available, trying Charger 8 (fid=91)",1307.2101444292493,8,,
Car 569,,,,,8,switch,,"Charger 8 (fid=91) not available, trying Charger 15 (fid=10)",1307.2141823348898,15,,
Car 537,,,,,17,switch,,"Charger 17 (fid=12) not available, trying Charger 7 (fid=2)",1307.48416289516,7,,
Car 553,,,,,13,switch,,"Charger 13 (fid=8) not available, trying Charger 15 (fid=10)",1307.5367652115774,15,,
Car 605,,,,,19,switch,,"Charger 19 (fid=14) not available, trying Charger 18 (fid=13)",1308.7475954040947,18,,
Car 608,,,,,12,switch,,"Charger 12 (fid=7) not available, trying Charger 11 (fid=6)",1309.10546475179,11,,
Car 600,,,,,14,switch,,"Charger 14 (fid=9) not available, trying Charger 10 (fid=4)",1309.320465750836,10,,
Car 588,,,,,2,switch,,"Charger 2 (fid=307904) not available, trying Charger 3 (fid=307905)",1309.4227603648603,3,,
Car 554,,,,,17,switch,,"Charger 17 (fid=12) not available, trying Charger 18 (fid=13)",1309.7219253372514,18,,
Car 577,,,,,3,switch,,"Charger 3 (fid=307905) not available, trying Charger 12 (fid=7)",1309.728255725183,12,,
Car 612,,,,,1,switch,,"Charger 1 (fid=308702) not available, trying Charger 11 (fid=6)",1310.2403585176924,11,,
Car 562,66.0,9,14,,,done,,done charging,1310.2410089761454,,,340.0494554243426
Car 561,,9,14,,,start_charge,,starting to charge at Charger 14 (fid=9),1310.2410089761454,,77.69961702831392,
Car 551,,,,,7,switch,,"Charger 7 (fid=2) not available, trying Charger 10 (fid=4)",1310.4922553625383,10,,
Car 559,,,,,13,switch,,"Charger 13 (fid=8) not available, trying Charger 10 (fid=4)",1310.9116486500873,10,,
Car 557,,,,,15,switch,,"Charger 15 (fid=10) not available, trying Charger 7 (fid=2)",1311.0505293182316,7,,
Car 616,,,,,18,switch,,"Charger 18 (fid=13) not available, trying Charger 11 (fid=6)",1311.119240135801,11,,
Car 580,,,,,2,switch,,"Charger 2 (fid=307904) not available, trying Charger 3 (fid=307905)",1311.2458591518548,3,,
Car 609,,,,,6,switch,,"Charger 6 (fid=1) not available, trying Charger 17 (fid=12)",1311.3064989795273,17,,
Car 615,,,,,9,switch,,"Charger 9 (fid=3) not available, trying Charger 15 (fid=10)",1311.3999755819711,15,,
Car 574,,,,,3,switch,,"Charger 3 (fid=307905) not available, trying Charger 20 (fid=15)",1311.454652882945,20,,
Car 528,,,,,7,switch,,"Charger 7 (fid=2) not available, trying Charger 8 (fid=91)",1311.5924559926386,8,,
Car 623,,,,6,,arrived,,arrived,1311.7602828979616,,,
Car 543,,,,,8,switch,,"Charger 8 (fid=91) not available, trying Charger 7 (fid=2)",1311.8084403109144,7,,
Car 618,,,,,16,switch,,"Charger 16 (fid=11) not available, trying Charger 11 (fid=6)",1311.827641508674,11,,
Car 606,,,,,10,switch,,"Charger 10 (fid=4) not available, trying Charger 5 (fid=5)",1311.8323102352724,5,,
Car 572,,,,,4,switch,,"Charger 4 (fid=308108) not available, trying Charger 17 (fid=12)",1311.8856960605171,17,,
Car 622,,,,,15,switch,,"Charger 15 (fid=10) not available, trying Charger 14 (fid=9)",1311.9239650009504,14,,
Car 602,,,,,1,switch,,"Charger 1 (fid=308702) not available, trying Charger 14 (fid=9)",1312.2564480189988,14,,
Car 589,,,,,3,switch,,"Charger 3 (fid=307905) not available, trying Charger 6 (fid=1)",1312.2632682412245,6,,
Car 534,,,,,7,switch,,"Charger 7 (fid=2) not available, trying Charger 8 (fid=91)",1312.3470706696473,8,,
Car 535,,,,,7,switch,,"Charger 7 (fid=2) not available, trying Charger 8 (fid=91)",1312.672626753074,8,,
Car 544,,,,,5,switch,,"Charger 5 (fid=5) not available, trying Charger 0 (fid=308440)",1312.7070924225432,0,,
Car 620,,,,,0,switch,,"Charger 0 (fid=308440) not available, trying Charger 19 (fid=14)",1312.9543138424494,19,,
Car 624,,,,14,,arrived,,arrived,1312.9853817646133,,,
Car 586,,,,,12,switch,,"Charger 12 (fid=7) not available, trying Charger 18 (fid=13)",1312.9854915577619,18,,
Car 576,,,,,17,switch,,"Charger 17 (fid=12) not available, trying Charger 12 (fid=7)",1313.040058464626,12,,
Car 538,,,,,7,switch,,"Charger 7 (fid=2) not available, trying Charger 8 (fid=91)",1313.115723852897,8,,
Car 550,118.0,1,6,,,done,,done charging,1313.3401432539408,,,379.08257141231957
Car 582,,1,6,,,start_charge,,starting to charge at Charger 6 (fid=1),1313.3401432539408,,64.65424550217608,
Car 597,54.0,3,9,,,done,,done charging,1313.4208949803838,,,260.2094893179926
Car 591,,3,9,,,start_charge,,starting to charge at Charger 9 (fid=3),1313.4208949803838,,57.77296041941986,
Car 604,,,,,17,switch,,"Charger 17 (fid=12) not available, trying Charger 14 (fid=9)",1313.4421754277541,14,,
Car 531,,,,,,gave_up,8,"no alternate charger available, gave up",1313.5842989003565,,,
Car 553,,,,,15,switch,,"Charger 15 (fid=10) not available, trying Charger 7 (fid=2)",1313.9157502661685,7,,
Car 526,,,,,,gave_up,8,"no alternate charger available, gave up",1313.9574346625332,,,
Car 599,,,,,14,switch,,"Charger 14 (fid=9) not available, trying Charger 10 (fid=4)",1313.9807851361038,10,,
Car 610,,,,,1,switch,,"Charger 1 (fid=308702) not available, trying Charger 16 (fid=11)",1314.1542585709037,16,,
Car 595,,,,,16,switch,,"Charger 16 (fid=11) not available, trying Charger 0 (fid=308440)",1314.1668566907356,0,,
Car 583,,,,,2,switch,,"Charger 2 (fid=307904) not available, trying Charger 3 (fid=307905)",1314.2898168790887,3,,
Car 588,,,,,3,switch,,"Charger 3 (fid=307905) not available, trying Charger 6 (fid=1)",1314.6863865464245,6,,
Car 614,,,,,13,switch,,"Charger 13 (fid=8) not available, trying Charger 15 (fid=10)",1314.9103848468035,15,,
Car 621,,,,,14,switch,,"Charger 14 (fid=9) not available, trying Charger 16 (fid=11)",1315.2824507465505,16,,
Car 566,,,,,15,switch,,"Charger 15 (fid=10) not available, trying Charger 1 (fid=308702)",1315.4367912762668,1,,
Car 575,97.0,4,10,,,done,,done charging,1315.4496088197789,,,344.44759746431447
Car 600,,4,10,,,start_charge,,starting to charge at Charger 10 (fid=4),1315.4496088197789,,47.856561828281656,
Car 587,,,,,9,switch,,"Charger 9 (fid=3) not available, trying Charger 14 (fid=9)",1316.043630706367,14,,
Car 560,,,,,17,switch,,"Charger 17 (fid=12) not available, trying Charger 7 (fid=2)",1316.0603343741989,7,,
Car 625,,,,73,,arrived,,arrived,1316.1718700877798,,,
Car 537,,,,,7,switch,,"Charger 7 (fid=2) not available, trying Charger 8 (fid=91)",1316.3600005086585,8,,
Car 580,,,,,3,switch,,"Charger 3 (fid=307905) not available, trying Charger 12 (fid=7)",1316.509485333419,12,,
Car 623,,,,,11,switch,,"Charger 11 (fid=6) not available, trying Charger 16 (fid=11)",1316.7602828979616,16,,
Car 592,,,,,9,switch,,"Charger 9 (fid=3) not available, trying Charger 6 (fid=1)",1316.7784959172184,6,,
Car 605,,,,,18,switch,,"Charger 18 (fid=13) not available, trying Charger 11 (fid=6)",1316.9659075212783,11,,
Car 577,,,,,12,switch,,"Charger 12 (fid=7) not available, trying Charger 4 (fid=308108)",1317.3237849686939,4,,
Car 548,,,,,7,switch,,"Charger 7 (fid=2) not available, trying Charger 8 (fid=91)",1317.3703341506707,8,,
Car 626,,,,37,,arrived,,arrived,1317.5225832637311,,,
Car 606,,,,,5,switch,,"Charger 5 (fid=5) not available, trying Charger 6 (fid=1)",1317.7207102836605,6,,
Car 603,,,,,8,switch,,"Charger 8 (fid=91) not available, trying Charger 16 (fid=11)",1317.9555572191787,16,,
Car 624,,,,,19,switch,,"Charger 19 (fid=14) not available, trying Charger 0 (fid=308440)",1317.9853817646133,0,,
Car 608,,,,,11,switch,,"Charger 11 (fid=6) not available, trying Charger 8 (fid=91)",1318.0436612876476,8,,
Car 609,,,,,17,switch,,"Charger 17 (fid=12) not available, trying Charger 20 (fid=15)",1318.0770853303172,20,,
Car 559,,,,,10,switch,,"Charger 10 (fid=4) not available, trying Charger 1 (fid=308702)",1318.3769534694597,1,,
Car 528,,,,,,gave_up,8,"no alternate charger available, gave up",1318.4194471796673,,,
Car 622,,,,,14,switch,,"Charger 14 (fid=9) not available, trying Charger 10 (fid=4)",1318.458876357167,10,,
Car 589,,,,,6,switch,,"Charger 6 (fid=1) not available, trying Charger 17 (fid=12)",1318.469458634166,17,,
Car 543,,,,,7,switch,,"Charger 7 (fid=2) not available, trying Charger 4 (fid=308108)",1318.635431497943,4,,
Car 618,,,,,11,switch,,"Charger 11 (fid=6) not available, trying Charger 18 (fid=13)",1318.9920376421273,18,,
Car 534,,,,,,gave_up,8,"no alternate charger available, gave up",1319.174061856676,,,
Car 627,,,,9,,arrived,,arrived,1319.2650864238904,,,
Car 535,,,,,,gave_up,8,"no alternate charger available, gave up",1319.4996179401026,,,
Car 620,,,,,19,switch,,"Charger 19 (fid=14) not available, trying Charger 16 (fid=11)",1319.5487083043145,16,,
Car 583,,,,,3,switch,,"Charger 3 (fid=307905) not available, trying Charger 10 (fid=4)",1319.5534430606529,10,,
Car 541,110.0,13,18,,,done,,done charging,1319.6206066377379,,,447.59323047154294
Car 554,,13,18,,,start_charge,,starting to charge at Charger 18 (fid=13),1319.6206066377379,,92.87567160584672,
Car 568,64.0,9,14,,,done,,done charging,1319.6312477738645,,,367.8472186959584
Car 625,,9,14,,,start_charge,,starting to charge at Charger 14 (fid=9),1319.6312477738645,,3.4593776860847356,
Car 538,,,,,,gave_up,8,"no alternate charger available, gave up",1319.9427150399256,,,
Car 569,,,,,15,switch,,"Charger 15 (fid=10) not available, trying Charger 13 (fid=8)",1320.1920096433914,13,,
Car 612,,,,,11,switch,,"Charger 11 (fid=6) not available, trying Charger 2 (fid=307904)",1320.4574703588412,2,,
Car 588,,,,,6,switch,,"Charger 6 (fid=1) not available, trying Charger 17 (fid=12)",1320.8925769393659,17,,
Car 489,102.0,10,15,,,done,,done charging,1320.9642150573227,,,417.6225945199163
Car 615,,10,15,,,start_charge,,starting to charge at Charger 15 (fid=10),1320.9642150573227,,24.964215553092345,
Car 572,,,,,17,switch,,"Charger 17 (fid=12) not available, trying Charger 20 (fid=15)",1320.972561864618,20,,
Car 576,,,,,12,switch,,"Charger 12 (fid=7) not available, trying Charger 9 (fid=3)",1321.1999836659854,9,,
Car 614,,,,,15,switch,,"Charger 15 (fid=10) not available, trying Charger 19 (fid=14)",1321.2893699013946,19,,
Car 574,,,,,20,switch,,"Charger 20 (fid=15) not available, trying Charger 18 (fid=13)",1321.758787031197,18,,
Car 616,,,,,11,switch,,"Charger 11 (fid=6) not available, trying Charger 2 (fid=307904)",1321.9236525450688,2,,
Car 595,,,,,0,switch,,"Charger 0 (fid=308440) not available, trying Charger 9 (fid=3)",1322.14270699538,9,,
Car 602,,,,,14,switch,,"Charger 14 (fid=9) not available, trying Charger 12 (fid=7)",1322.177699754285,12,,
Car 599,,,,,10,switch,,"Charger 10 (fid=4) not available, trying Charger 6 (fid=1)",1322.253366376765,6,,
Car 626,,,,,10,switch,,"Charger 10 (fid=4) not available, trying Charger 5 (fid=5)",1322.5225832637311,5,,
Car 621,,,,,16,switch,,"Charger 16 (fid=11) not available, trying Charger 13 (fid=8)",1322.8123733143832,13,,
Car 628,,,,67,,arrived,,arrived,1323.0861396515486,,,
Car 610,,,,,16,switch,,"Charger 16 (fid=11) not available, trying Charger 19 (fid=14)",1323.1667259627477,19,,
Car 537,,,,,,gave_up,8,"no alternate charger available, gave up",1323.186991695687,,,
Car 544,,,,,0,switch,,"Charger 0 (fid=308440) not available, trying Charger 1 (fid=308702)",1323.2642757330102,1,,
Car 557,,,,,7,switch,,"Charger 7 (fid=2) not available, trying Charger 5 (fid=5)",1323.4207293436114,5,,
Car 629,,,,61,,arrived,,arrived,1323.4366470404866,,,
Car 551,,,,,10,switch,,"Charger 10 (fid=4) not available, trying Charger 13 (fid=8)",1323.7791365960177,13,,
Car 623,,,,,16,switch,,"Charger 16 (fid=11) not available, trying Charger 19 (fid=14)",1323.9246790314148,19,,
Car 577,,,,,4,switch,,"Charger 4 (fid=308108) not available, trying Charger 20 (fid=15)",1323.9861143041244,20,,
Car 580,,,,,12,switch,,"Charger 12 (fid=7) not available, trying Charger 4 (fid=308108)",1324.1050145769298,4,,
Car 548,,,,,8,switch,,"Charger 8 (fid=91) not available, trying Charger 4 (fid=308108)",1324.1973253376993,4,,
Car 627,,,,,14,switch,,"Charger 14 (fid=9) not available, trying Charger 13 (fid=8)",1324.2650864238904,13,,
Car 442,106.0,5,5,,,done,,done charging,1324.4620253050562,,,546.7356835608567
Car 626,,5,5,,,start_charge,,starting to charge at Charger 5 (fid=5),1324.4620253050562,,6.051041992936916,
Car 624,,,,,0,switch,,"Charger 0 (fid=308440) not available, trying Charger 16 (fid=11)",1324.5797762264783,16,,
Car 567,110.0,6,11,,,done,,done charging,1324.7647472173085,,,415.42925481568017
Car 605,,6,11,,,start_charge,,starting to charge at Charger 11 (fid=6),1324.7647472173085,,46.9944272867624,
Car 630,,,,16,,arrived,,arrived,1324.8318277489493,,,
Car 560,,,,,7,switch,,"Charger 7 (fid=2) not available, trying Charger 4 (fid=308108)",1324.9361719876974,4,,
Car 587,,,,,14,switch,,"Charger 14 (fid=9) not available, trying Charger 15 (fid=10)",1325.1313840075823,15,,
Car 604,,,,,14,switch,,"Charger 14 (fid=9) not available, trying Charger 7 (fid=2)",1325.1569734021514,7,,
Car 543,,,,,4,switch,,"Charger 4 (fid=308108) not available, trying Charger 20 (fid=15)",1325.2382158979024,20,,
Car 589,,,,,17,switch,,"Charger 17 (fid=12) not available, trying Charger 12 (fid=7)",1325.2400449849558,12,,
Car 586,,,,,18,switch,,"Charger 18 (fid=13) not available, trying Charger 4 (fid=308108)",1326.0439276533866,4,,
Car 566,,,,,1,switch,,"Charger 1 (fid=308702) not available, trying Charger 13 (fid=8)",1326.052302152908,13,,
Car 553,,,,,7,switch,,"Charger 7 (fid=2) not available, trying Charger 4 (fid=308108)",1326.2859502915483,4,,
Car 569,,,,,13,switch,,"Charger 13 (fid=8) not available, trying Charger 10 (fid=4)",1326.5709946979825,10,,
Car 559,,,,,1,switch,,"Charger 1 (fid=308702) not available, trying Charger 5 (fid=5)",1326.7260692598763,5,,
Car 622,,,,,10,switch,,"Charger 10 (fid=4) not available, trying Charger 5 (fid=5)",1326.731457597828,5,,
Car 620,,,,,16,switch,,"Charger 16 (fid=11) not available, trying Charger 10 (fid=4)",1326.7786405412517,10,,
Car 592,,,,,6,switch,,"Charger 6 (fid=1) not available, trying Charger 2 (fid=307904)",1327.6124620669386,2,,
Car 588,,,,,17,switch,,"Charger 17 (fid=12) not available, trying Charger 12 (fid=7)",1327.6631632901558,12,,
Car 628,,,,,1,switch,,"Charger 1 (fid=308702) not available, trying Charger 16 (fid=11)",1328.0861396515486,16,,
Car 629,,,,,9,switch,,"Charger 9 (fid=3) not available, trying Charger 14 (fid=9)",1328.4366470404866,14,,
Car 533,107.0,12,17,,,done,,done charging,1328.7097002596402,,,347.8954634199579
Car 612,,,,,2,switch,,"Charger 2 (fid=307904) not available, trying Charger 3 (fid=307905)",1328.7821545973006,3,,
Car 608,,,,,8,switch,,"Charger 8 (fid=91) not available, trying Charger 18 (fid=13)",1328.789074077577,18,,
Car 493,49.0,308108,4,,,done,,done charging,1328.9337718215072,,,482.5062983451007
Car 580,,308108,4,,,start_charge,,starting to charge at Charger 4 (fid=308108),1328.9337718215072,,83.16642790914693,
Car 609,,,,,20,switch,,"Charger 20 (fid=15) not available, trying Charger 11 (fid=6)",1328.945615436418,11,,
Car 603,,,,,16,switch,,"Charger 16 (fid=11) not available, trying Charger 7 (fid=2)",1329.1419215007209,7,,
Car 618,,,,,18,switch,,"Charger 18 (fid=13) not available, trying Charger 2 (fid=307904)",1329.7964500513951,2,,
Car 630,,,,,16,switch,,"Charger 16 (fid=11) not available, trying Charger 19 (fid=14)",1329.8318277489493,19,,
Car 606,,,,,6,switch,,"Charger 6 (fid=1) not available, trying Charger 2 (fid=307904)",1329.8644030667028,2,,
Car 616,,,,,2,switch,,"Charger 2 (fid=307904) not available, trying Charger 3 (fid=307905)",1330.2483367835282,3,,
Car 610,,,,,19,switch,,"Charger 19 (fid=14) not available, trying Charger 18 (fid=13)",1330.396658199685,18,,
Car 627,,,,,13,switch,,"Charger 13 (fid=8) not available, trying Charger 15 (fid=10)",1330.684990947117,15,,
Car 623,,,,,19,switch,,"Charger 19 (fid=14) not available, trying Charger 6 (fid=1)",1331.154611268352,6,,
Car 621,,,,,13,switch,,"Charger 13 (fid=8) not available, trying Charger 1 (fid=308702)",1331.2215235998792,1,,
Car 551,,,,,13,switch,,"Charger 13 (fid=8) not available, trying Charger 4 (fid=308108)",1331.2444414153902,4,,
Car 614,,,,,19,switch,,"Charger 19 (fid=14) not available, trying Charger 1 (fid=308702)",1331.2480949474398,1,,
Car 544,,,,,1,switch,,"Charger 1 (fid=308702) not available, trying Charger 18 (fid=13)",1331.3747283604087,18,,
Car 548,,,,,4,switch,,"Charger 4 (fid=308108) not available, trying Charger 20 (fid=15)",1331.4077370207804,20,,
Car 583,,,,,10,switch,,"Charger 10 (fid=4) not available, trying Charger 5 (fid=5)",1331.5270891655714,5,,
Car 560,,,,,4,switch,,"Charger 4 (fid=308108) not available, trying Charger 20 (fid=15)",1331.5389563876568,20,,
Car 587,,,,,15,switch,,"Charger 15 (fid=10) not available, trying Charger 13 (fid=8)",1331.6662953637988,13,,
Car 572,,,,,20,switch,,"Charger 20 (fid=15) not available, trying Charger 7 (fid=2)",1331.8410919707187,7,,
Car 576,,,,,9,switch,,"Charger 9 (fid=3) not available, trying Charger 7 (fid=2)",1331.9737412023915,7,,
Car 500,117.0,307904,2,,,done,,done charging,1332.370593519943,,,495.9432516059283
Car 592,,307904,2,,,start_charge,,starting to charge at Charger 2 (fid=307904),1332.370593519943,,68.56827789168369,
Car 624,,,,,16,switch,,"Charger 16 (fid=11) not available, trying Charger 11 (fid=6)",1332.5556265311227,11,,
Car 622,,,,,5,switch,,"Charger 5 (fid=5) not available, trying Charger 16 (fid=11)",1332.6198576462161,16,,
Car 602,,,,,12,switch,,"Charger 12 (fid=7) not available, trying Charger 10 (fid=4)",1332.7923812356166,10,,
Car 553,,,,,4,switch,,"Charger 4 (fid=308108) not available, trying Charger 20 (fid=15)",1332.8887346915076,20,,
Car 577,,,,,20,switch,,"Charger 20 (fid=15) not available, trying Charger 17 (fid=12)",1333.2264068962581,17,,
Car 589,,,,,12,switch,,"Charger 12 (fid=7) not available, trying Charger 9 (fid=3)",1333.3999701863152,9,,
Car 595,,,,,9,switch,,"Charger 9 (fid=3) not available, trying Charger 14 (fid=9)",1333.9661596630697,14,,
Car 569,,,,,10,switch,,"Charger 10 (fid=4) not available, trying Charger 1 (fid=308702)",1334.036299517355,1,,
Car 612,,,,,3,switch,,"Charger 3 (fid=307905) not available, trying Charger 14 (fid=9)",1334.0457807788648,14,,
Car 599,,,,,6,switch,,"Charger 6 (fid=1) not available, trying Charger 17 (fid=12)",1334.1910615928039,17,,
Car 543,,,,,,gave_up,20,"no alternate charger available, gave up",1334.4785084900361,,,
Car 620,,,,,10,switch,,"Charger 10 (fid=4) not available, trying Charger 5 (fid=5)",1335.2306708797232,5,,
Car 559,,,,,5,switch,,"Charger 5 (fid=5) not available, trying Charger 18 (fid=13)",1335.2811826172963,18,,
Car 616,,,,,3,switch,,"Charger 3 (fid=307905) not available, trying Charger 1 (fid=308702)",1335.5119629650924,1,,
Car 631,,,,41,,arrived,,arrived,1335.7889081351118,,,
Car 588,,,,,12,switch,,"Charger 12 (fid=7) not available, trying Charger 9 (fid=3)",1335.8230884915151,9,,
Car 566,,,,,13,switch,,"Charger 13 (fid=8) not available, trying Charger 10 (fid=4)",1335.901456076896,10,,
Car 599,,12,17,,,start_charge,,starting to charge at Charger 17 (fid=12),1335.9616479435938,,55.0,
Car 606,,,,,2,switch,,"Charger 2 (fid=307904) not available, trying Charger 3 (fid=307905)",1336.0542566280235,3,,
Car 574,,,,,18,switch,,"Charger 18 (fid=13) not available, trying Charger 17 (fid=12)",1336.607465392254,17,,
Car 540,46.0,3,9,,,done,,done charging,1336.6356606964696,,,501.8246822070827
Car 557,,,,,5,switch,,"Charger 5 (fid=5) not available, trying Charger 13 (fid=8)",1336.913608144094,13,,
Car 604,,,,,7,switch,,"Charger 7 (fid=2) not available, trying Charger 9 (fid=3)",1336.981353553457,9,,
Car 630,,,,,19,switch,,"Charger 19 (fid=14) not available, trying Charger 0 (fid=308440)",1337.0617599858865,0,,
Car 627,,,,,15,switch,,"Charger 15 (fid=10) not available, trying Charger 16 (fid=11)",1337.0639760017082,16,,
Car 628,,,,,16,switch,,"Charger 16 (fid=11) not available, trying Charger 10 (fid=4)",1337.0986070433926,10,,
Car 583,,,,,5,switch,,"Charger 5 (fid=5) not available, trying Charger 0 (fid=308440)",1337.4154892139595,0,,
Car 629,,,,,14,switch,,"Charger 14 (fid=9) not available, trying Charger 16 (fid=11)",1337.524400341702,16,,
Car 587,,,,,13,switch,,"Charger 13 (fid=8) not available, trying Charger 18 (fid=13)",1338.04528041839,18,,
Car 544,,,,,,gave_up,18,"no alternate charger available, gave up",1338.557919298269,,,
Car 610,,,,,18,switch,,"Charger 18 (fid=13) not available, trying Charger 11 (fid=6)",1338.6149703168685,11,,
Car 589,,3,9,,,start_charge,,starting to charge at Charger 9 (fid=3),1339.1737277227212,,80.0,
Car 603,,,,,7,switch,,"Charger 7 (fid=2) not available, trying Charger 4 (fid=308108)",1339.248742498478,4,,
Car 609,,,,,11,switch,,"Charger 11 (fid=6) not available, trying Charger 19 (fid=14)",1339.6740542377077,19,,
Car 624,,,,,11,switch,,"Charger 11 (fid=6) not available, trying Charger 18 (fid=13)",1339.720022664576,18,,
Car 586,,,,,4,switch,,"Charger 4 (fid=308108) not available, trying Charger 2 (fid=307904)",1340.029304351753,2,,
Car 614,,,,,1,switch,,"Charger 1 (fid=308702) not available, trying Charger 11 (fid=6)",1340.3496664727197,11,,
Car 623,,,,,6,switch,,"Charger 6 (fid=1) not available, trying Charger 2 (fid=307904)",1340.4759487435558,2,,
Car 548,,,,,,gave_up,20,"no alternate charger available, gave up",1340.6480296129141,,,
Car 560,,,,,20,switch,,"Charger 20 (fid=15) not available, trying Charger 8 (fid=91)",1340.7792489797905,8,,
Car 631,,,,,1,switch,,"Charger 1 (fid=308702) not available, trying Charger 18 (fid=13)",1340.7889081351118,18,,
Car 618,,,,,2,switch,,"Charger 2 (fid=307904) not available, trying Charger 3 (fid=307905)",1340.847412280952,3,,
Car 572,,,,,7,switch,,"Charger 7 (fid=2) not available, trying Charger 1 (fid=308702)",1341.0533138869735,1,,
Car 621,,,,,1,switch,,"Charger 1 (fid=308702) not available, trying Charger 15 (fid=10)",1341.0706775238673,15,,
Car 620,,,,,5,switch,,"Charger 5 (fid=5) not available, trying Charger 11 (fid=6)",1341.1190709281113,11,,
Car 622,,,,,16,switch,,"Charger 16 (fid=11) not available, trying Charger 19 (fid=14)",1341.277885551691,19,,
Car 606,,,,,3,switch,,"Charger 3 (fid=307905) not available, trying Charger 1 (fid=308702)",1341.3178828095877,1,,
Car 553,,,,,,gave_up,20,"no alternate charger available, gave up",1342.1290272836413,,,
Car 569,,,,,1,switch,,"Charger 1 (fid=308702) not available, trying Charger 5 (fid=5)",1342.3854153077716,5,,
Car 608,,,,,18,switch,,"Charger 18 (fid=13) not available, trying Charger 16 (fid=11)",1342.504391505483,16,,
Car 551,,,,,4,switch,,"Charger 4 (fid=308108) not available, trying Charger 5 (fid=5)",1342.919155168598,5,,
Car 595,,,,,14,switch,,"Charger 14 (fid=9) not available, trying Charger 15 (fid=10)",1343.053912964285,15,,
Car 566,,,,,10,switch,,"Charger 10 (fid=4) not available, trying Charger 5 (fid=5)",1343.3667608962685,5,,
Car 576,,,,,7,switch,,"Charger 7 (fid=2) not available, trying Charger 4 (fid=308108)",1343.4835273291683,4,,
Car 630,,,,,0,switch,,"Charger 0 (fid=308440) not available, trying Charger 11 (fid=6)",1343.6561544477515,11,,
Car 577,,,,,17,switch,,"Charger 17 (fid=12) not available, trying Charger 7 (fid=2)",1344.0949370023588,7,,
Car 557,,,,,13,switch,,"Charger 13 (fid=8) not available, trying Charger 4 (fid=308108)",1344.8489760837138,4,,
Car 629,,,,,16,switch,,"Charger 16 (fid=11) not available, trying Charger 20 (fid=15)",1345.0543229095347,20,,
Car 612,,,,,14,switch,,"Charger 14 (fid=9) not available, trying Charger 6 (fid=1)",1345.1303469142144,6,,
Car 602,,,,,10,switch,,"Charger 10 (fid=4) not available, trying Charger 9 (fid=3)",1345.2156151622378,9,,
Car 579,101.0,12,17,,,done,,done charging,1345.2170634217978,,,306.4635225549187
Car 574,,12,17,,,start_charge,,starting to charge at Charger 17 (fid=12),1345.2170634217978,,91.58658833490404,
Car 627,,,,,16,switch,,"Charger 16 (fid=11) not available, trying Charger 10 (fid=4)",1345.3721936911695,10,,
Car 519,65.0,15,20,,,done,,done charging,1345.532072375256,,,554.2170887393576
Car 628,,,,,10,switch,,"Charger 10 (fid=4) not available, trying Charger 19 (fid=14)",1345.5506373818641,19,,
Car 607,74.0,11,16,,,done,,done charging,1345.6523816097933,,,276.1846536572704
Car 559,,,,,,gave_up,18,"no alternate charger available, gave up",1345.654450690184,,,
Car 603,,,,,4,switch,,"Charger 4 (fid=308108) not available, trying Charger 18 (fid=13)",1345.8515268984372,18,,
Car 618,,,,,3,switch,,"Charger 3 (fid=307905) not available, trying Charger 14 (fid=9)",1346.1110384625163,14,,
Car 588,,,,,9,switch,,"Charger 9 (fid=3) not available, trying Charger 7 (fid=2)",1346.5968460279212,7,,
Car 623,,,,,2,switch,,"Charger 2 (fid=307904) not available, trying Charger 3 (fid=307905)",1346.6658023048765,3,,
Car 616,,,,,1,switch,,"Charger 1 (fid=308702) not available, trying Charger 14 (fid=9)",1347.0160791748585,14,,
Car 608,,11,16,,,start_charge,,starting to charge at Charger 16 (fid=11),1347.1041594654457,,50.0,
Car 594,105.0,308440,0,,,done,,done charging,1347.1471287966342,,,186.2715086920258
Car 583,,308440,0,,,start_charge,,starting to charge at Charger 0 (fid=308440),1347.1471287966342,,79.17445627220764,
Car 617,57.0,2,7,,,done,,done charging,1347.383696273566,,,151.01174745770555
Car 578,78.0,4,10,,,done,,done charging,1347.8057554984784,,,397.36862560698364
Car 609,,,,,19,switch,,"Charger 19 (fid=14) not available, trying Charger 16 (fid=11)",1347.8848709914937,16,,
Car 577,,2,7,,,start_charge,,starting to charge at Charger 7 (fid=2),1347.9707746158574,,95.0,
Car 631,,,,,18,switch,,"Charger 18 (fid=13) not available, trying Charger 0 (fid=308440)",1347.9720990729722,0,,
Car 490,99.0,91,8,,,done,,done charging,1348.408226893388,,,591.322016427151
Car 560,,91,8,,,start_charge,,starting to charge at Charger 8 (fid=91),1348.408226893388,,102.80912871422106,
Car 604,,,,,9,switch,,"Charger 9 (fid=3) not available, trying Charger 4 (fid=308108)",1348.4911396802338,4,,
Car 622,,,,,19,switch,,"Charger 19 (fid=14) not available, trying Charger 1 (fid=308702)",1348.5078177886282,1,,
Car 632,,,,85,,arrived,,arrived,1348.527731842899,,,
Car 586,,,,,2,switch,,"Charger 2 (fid=307904) not available, trying Charger 3 (fid=307905)",1348.5354373663843,3,,
Car 627,,4,10,,,start_charge,,starting to charge at Charger 10 (fid=4),1348.824224029641,,20.0,
Car 566,,,,,,gave_up,5,"no alternate charger available, gave up",1349.2551609446566,,,
Car 610,,,,,11,switch,,"Charger 11 (fid=6) not available, trying Charger 0 (fid=308440)",1349.4193827261363,0,,
Car 595,,,,,15,switch,,"Charger 15 (fid=10) not available, trying Charger 13 (fid=8)",1349.5888243205015,13,,
Car 587,,,,,18,switch,,"Charger 18 (fid=13) not available, trying Charger 1 (fid=308702)",1349.7125890578457,1,,
Car 576,,,,,4,switch,,"Charger 4 (fid=308108) not available, trying Charger 8 (fid=91)",1350.0863117291276,8,,
Car 624,,,,,18,switch,,"Charger 18 (fid=13) not available, trying Charger 2 (fid=307904)",1350.5244350738437,2,,
Car 563,101.0,307905,3,,,done,,done charging,1350.5590745934683,,,335.3185857368791
Car 623,,307905,3,,,start_charge,,starting to charge at Charger 3 (fid=307905),1350.5590745934683,,28.62964610702761,
Car 614,,,,,11,switch,,"Charger 11 (fid=6) not available, trying Charger 0 (fid=308440)",1350.5667783138686,0,,
Car 629,,15,20,,,start_charge,,starting to charge at Charger 20 (fid=15),1350.5962680037123,,15.0,
Car 569,,,,,5,switch,,"Charger 5 (fid=5) not available, trying Charger 18 (fid=13)",1350.9405286651916,18,,
Car 542,94.0,91,8,,,done,,done charging,1350.9546881228055,,,374.5398554505009
Car 632,,91,8,,,start_charge,,starting to charge at Charger 8 (fid=91),1350.9546881228055,,2.4269562799065625,
Car 471,76.0,15,20,,,done,,done charging,1351.5857233124036,,,632.7277172786053
Car 620,,,,,11,switch,,"Charger 11 (fid=6) not available, trying Charger 2 (fid=307904)",1351.6530960350399,2,,
Car 621,,,,,15,switch,,"Charger 15 (fid=10) not available, trying Charger 19 (fid=14)",1351.6861884005084,19,,
Car 633,,,,49,,arrived,,arrived,1352.6290968847368,,,
Car 606,,,,,1,switch,,"Charger 1 (fid=308702) not available, trying Charger 9 (fid=3)",1352.8219990193538,9,,
Car 630,,,,,11,switch,,"Charger 11 (fid=6) not available, trying Charger 14 (fid=9)",1352.8246854366043,14,,
Car 555,51.0,7,12,,,done,,done charging,1353.6407376929485,,,478.42120922186496
Car 586,,,,,3,switch,,"Charger 3 (fid=307905) not available, trying Charger 20 (fid=15)",1353.7990635479484,20,,
Car 572,,,,,1,switch,,"Charger 1 (fid=308702) not available, trying Charger 18 (fid=13)",1354.2664297066985,18,,
Car 609,,,,,16,switch,,"Charger 16 (fid=11) not available, trying Charger 0 (fid=308440)",1355.114803228431,0,,
Car 628,,,,,19,switch,,"Charger 19 (fid=14) not available, trying Charger 5 (fid=5)",1355.1559050576207,5,,
Car 631,,,,,0,switch,,"Charger 0 (fid=308440) not available, trying Charger 5 (fid=5)",1355.1992922922743,5,,
Car 612,,,,,6,switch,,"Charger 6 (fid=1) not available, trying Charger 17 (fid=12)",1355.6096585754703,17,,
Car 551,,,,,5,switch,,"Charger 5 (fid=5) not available, trying Charger 20 (fid=15)",1355.7269810374469,20,,
Car 634,,,,14,,arrived,,arrived,1355.8130862584942,,,
Car 595,,,,,13,switch,,"Charger 13 (fid=8) not available, trying Charger 18 (fid=13)",1355.9678093750927,18,,
Car 635,,,,22,,arrived,,arrived,1356.2732765745561,,,
Car 557,,,,,4,switch,,"Charger 4 (fid=308108) not available, trying Charger 20 (fid=15)",1356.5236898369217,20,,
Car 602,,,,,9,switch,,"Charger 9 (fid=3) not available, trying Charger 8 (fid=91)",1356.8051112661465,8,,
Car 587,,,,,1,switch,,"Charger 1 (fid=308702) not available, trying Charger 10 (fid=4)",1356.895779995706,10,,
Car 616,,,,,14,switch,,"Charger 14 (fid=9) not available, trying Charger 6 (fid=1)",1356.9373309101447,6,,
Car 618,,,,,14,switch,,"Charger 14 (fid=9) not available, trying Charger 1 (fid=308702)",1357.195604597866,1,,
Car 576,,,,,8,switch,,"Charger 8 (fid=91) not available, trying Charger 20 (fid=15)",1357.2967234122086,20,,
Car 622,,,,,1,switch,,"Charger 1 (fid=308702) not available, trying Charger 9 (fid=3)",1357.6093893139082,9,,
Car 633,,,,,1,switch,,"Charger 1 (fid=308702) not available, trying Charger 5 (fid=5)",1357.6290968847368,5,,
Car 588,,,,,7,switch,,"Charger 7 (fid=2) not available, trying Charger 4 (fid=308108)",1358.106632154698,4,,
Car 610,,,,,0,switch,,"Charger 0 (fid=308440) not available, trying Charger 9 (fid=3)",1358.587913714989,9,,
Car 515,77.0,308702,1,,,done,,done charging,1358.7734642897803,,,471.848903200722
Car 586,,15,20,,,start_charge,,starting to charge at Charger 20 (fid=15),1359.1031976962004,,85.0,
Car 604,,,,,4,switch,,"Charger 4 (fid=308108) not available, trying Charger 15 (fid=10)",1359.4434915918641,15,,
Car 614,,,,,0,switch,,"Charger 0 (fid=308440) not available, trying Charger 9 (fid=3)",1359.7353093027214,9,,
Car 596,80.0,308440,0,,,done,,done charging,1359.7468422087732,,,294.31974950764237
Car 635,,308440,0,,,start_charge,,starting to charge at Charger 0 (fid=308440),1359.7468422087732,,3.4735656342170387,
Car 603,,,,,18,switch,,"Charger 18 (fid=13) not available, trying Charger 1 (fid=308702)",1359.8369035968035,1,,
Car 620,,,,,2,switch,,"Charger 2 (fid=307904) not available, trying Charger 3 (fid=307905)",1359.9777802734993,3,,
Car 556,96.0,1,6,,,done,,done charging,1360.0068524066603,,,640.4736696872707
Car 634,,,,,19,switch,,"Charger 19 (fid=14) not available, trying Charger 0 (fid=308440)",1360.8130862584942,0,,
Car 601,113.0,13,18,,,done,,done charging,1360.9611453770553,,,182.21582446182512
Car 569,,13,18,,,start_charge,,starting to charge at Charger 18 (fid=13),1360.9611453770553,,104.64734863897615,
Car 572,,,,,18,switch,,"Charger 18 (fid=13) not available, trying Charger 8 (fid=91)",1361.449620644559,8,,
Car 624,,,,,2,switch,,"Charger 2 (fid=307904) not available, trying Charger 3 (fid=307905)",1361.5753973034007,3,,
Car 621,,,,,19,switch,,"Charger 19 (fid=14) not available, trying Charger 11 (fid=6)",1361.6449134465536,11,,
Car 603,,308702,1,,,start_charge,,starting to charge at Charger 1 (fid=308702),1362.020094534664,,65.0,
Car 630,,,,,14,switch,,"Charger 14 (fid=9) not available, trying Charger 1 (fid=308702)",1362.2406184341548,1,,
Car 612,,,,,17,switch,,"Charger 17 (fid=12) not available, trying Charger 10 (fid=4)",1362.3802449262603,10,,
Car 616,,1,6,,,start_charge,,starting to charge at Charger 6 (fid=1),1362.4166425714006,,45.0,
Car 636,,,,17,,arrived,,arrived,1362.666387471505,,,
Car 609,,,,,0,switch,,"Charger 0 (fid=308440) not available, trying Charger 9 (fid=3)",1363.0906535330753,9,,
Car 588,,,,,4,switch,,"Charger 4 (fid=308108) not available, trying Charger 8 (fid=91)",1364.7094165546573,8,,
Car 628,,,,,5,switch,,"Charger 5 (fid=5) not available, trying Charger 0 (fid=308440)",1364.9671703003805,0,,
Car 620,,,,,3,switch,,"Charger 3 (fid=307905) not available, trying Charger 14 (fid=9)",1365.2414064550635,14,,
Car 587,,,,,10,switch,,"Charger 10 (fid=4) not available, trying Charger 5 (fid=5)",1365.2448957861227,5,,
Car 585,117.0,14,19,,,done,,done charging,1365.6792363672964,,,403.481727147513
Car 636,,14,19,,,start_charge,,starting to charge at Charger 19 (fid=14),1365.6792363672964,,3.0128488957914215,
Car 606,,,,,9,switch,,"Charger 9 (fid=3) not available, trying Charger 12 (fid=7)",1365.682068774243,12,,
Car 631,,,,,5,switch,,"Charger 5 (fid=5) not available, trying Charger 10 (fid=4)",1365.7564756027414,10,,
Car 557,,,,,,gave_up,20,"no alternate charger available, gave up",1365.7639824290554,,,
Car 547,79.0,308108,4,,,done,,done charging,1365.941618494437,,,546.1989280284025
Car 633,,,,,5,switch,,"Charger 5 (fid=5) not available, trying Charger 10 (fid=4)",1366.1842102421567,10,,
Car 624,,,,,3,switch,,"Charger 3 (fid=307905) not available, trying Charger 14 (fid=9)",1366.8390234849649,14,,
Car 637,,,,11,,arrived,,arrived,1367.0976563557977,,,
Car 545,66.0,2,7,,,done,,done charging,1367.1108910649918,,,436.1212944173499
Car 576,,,,,,gave_up,20,"no alternate charger available, gave up",1367.116572611585,,,
Car 618,,,,,1,switch,,"Charger 1 (fid=308702) not available, trying Charger 6 (fid=1)",1367.116856333152,6,,
Car 634,,,,,0,switch,,"Charger 0 (fid=308440) not available, trying Charger 16 (fid=11)",1367.4074807203592,16,,
Car 595,,,,,18,switch,,"Charger 18 (fid=13) not available, trying Charger 1 (fid=308702)",1367.6351180145484,1,,
Car 602,,,,,8,switch,,"Charger 8 (fid=91) not available, trying Charger 5 (fid=5)",1368.922524676045,5,,
Car 551,,,,,,gave_up,20,"no alternate charger available, gave up",1368.9549822970316,,,
Car 571,70.0,8,13,,,done,,done charging,1368.9930518600072,,,480.2441932919135
Car 638,,,,35,,arrived,,arrived,1369.202394044187,,,
Car 621,,,,,11,switch,,"Charger 11 (fid=6) not available, trying Charger 0 (fid=308440)",1369.8557302003396,0,,
Car 610,,,,,9,switch,,"Charger 9 (fid=3) not available, trying Charger 6 (fid=1)",1370.4113663826788,6,,
Car 622,,,,,9,switch,,"Charger 9 (fid=3) not available, trying Charger 11 (fid=6)",1370.4694590687973,11,,
Car 604,,,,,15,switch,,"Charger 15 (fid=10) not available, trying Charger 1 (fid=308702)",1370.782587322494,1,,
Car 587,,,,,,gave_up,5,"no alternate charger available, gave up",1371.1332958345108,,,
Car 619,77.0,308702,1,,,done,,done charging,1371.4121475123934,,,148.14061786106575
Car 630,,308702,1,,,start_charge,,starting to charge at Charger 1 (fid=308702),1371.4121475123934,,29.25027734295236,
Car 606,,7,12,,,start_charge,,starting to charge at Charger 12 (fid=7),1371.455826310649,,70.0,
Car 614,,,,,9,switch,,"Charger 9 (fid=3) not available, trying Charger 6 (fid=1)",1371.558761970411,6,,
Car 554,52.0,13,18,,,done,,done charging,1371.6206066377379,,,610.4691120636003
Car 631,,,,,10,switch,,"Charger 10 (fid=4) not available, trying Charger 19 (fid=14)",1371.6448756511295,19,,
Car 588,,,,,8,switch,,"Charger 8 (fid=91) not available, trying Charger 20 (fid=15)",1371.9198282377383,20,,
Car 633,,,,,10,switch,,"Charger 10 (fid=4) not available, trying Charger 18 (fid=13)",1372.0726102905448,18,,
Car 637,,,,,16,switch,,"Charger 16 (fid=11) not available, trying Charger 11 (fid=6)",1372.0976563557977,11,,
Car 639,,,,77,,arrived,,arrived,1372.451270046272,,,
Car 638,,,,,19,switch,,"Charger 19 (fid=14) not available, trying Charger 0 (fid=308440)",1374.202394044187,0,,
Car 595,,,,,1,switch,,"Charger 1 (fid=308702) not available, trying Charger 10 (fid=4)",1374.8183089524089,10,,
Car 609,,,,,9,switch,,"Charger 9 (fid=3) not available, trying Charger 14 (fid=9)",1374.914106200765,14,,
Car 546,103.0,5,5,,,done,,done charging,1375.043437283689,,,433.5813990820405
Car 572,,,,,,gave_up,8,"no alternate charger available, gave up",1375.164938072465,,,
Car 612,,,,,10,switch,,"Charger 10 (fid=4) not available, trying Charger 5 (fid=5)",1375.309601664641,5,,
Car 634,,,,,16,switch,,"Charger 16 (fid=11) not available, trying Charger 11 (fid=6)",1375.3833310250036,11,,
Car 628,,,,,0,switch,,"Charger 0 (fid=308440) not available, trying Charger 14 (fid=9)",1375.5243536108476,14,,
Car 580,47.0,308108,4,,,done,,done charging,1375.9337718215072,,,633.232297543721
Car 612,,5,5,,,start_charge,,starting to charge at Charger 5 (fid=5),1376.198001713029,,60.0,
Car 620,,,,,14,switch,,"Charger 14 (fid=9) not available, trying Charger 13 (fid=8)",1376.3259725904131,13,,
Car 640,,,,13,,arrived,,arrived,1376.5021911473818,,,
Car 640,,13,18,,,start_charge,,starting to charge at Charger 18 (fid=13),1376.5021911473818,,0.0,
Car 639,,,,,6,switch,,"Charger 6 (fid=1) not available, trying Charger 12 (fid=7)",1377.451270046272,12,,
Car 620,,8,13,,,start_charge,,starting to charge at Charger 13 (fid=8),1377.7458771136398,,55.0,
Car 624,,,,,14,switch,,"Charger 14 (fid=9) not available, trying Charger 1 (fid=308702)",1377.9235896203145,1,,
Car 618,,,,,6,switch,,"Charger 6 (fid=1) not available, trying Charger 17 (fid=12)",1378.9807861354368,17,,
Car 621,,,,,0,switch,,"Charger 0 (fid=308440) not available, trying Charger 18 (fid=13)",1379.0242611891924,18,,
Car 637,,,,,11,switch,,"Charger 11 (fid=6) not available, trying Charger 19 (fid=14)",1379.262052489251,19,,
Car 622,,,,,11,switch,,"Charger 11 (fid=6) not available, trying Charger 0 (fid=308440)",1380.2643277049183,0,,
Car 626,56.0,5,5,,,done,,done charging,1380.4620253050562,,,148.86565000518124
Car 602,,5,5,,,start_charge,,starting to charge at Charger 5 (fid=5),1380.4620253050562,,77.09294318229081,
Car 638,,,,,0,switch,,"Charger 0 (fid=308440) not available, trying Charger 16 (fid=11)",1380.796788506052,16,,
Car 610,,,,,6,switch,,"Charger 6 (fid=1) not available, trying Charger 2 (fid=307904)",1381.245332532399,2,,
Car 631,,,,,19,switch,,"Charger 19 (fid=14) not available, trying Charger 16 (fid=11)",1381.250143326886,16,,
Car 604,,,,,1,switch,,"Charger 1 (fid=308702) not available, trying Charger 13 (fid=8)",1381.3980981991351,13,,
Car 588,,,,,,gave_up,20,"no alternate charger available, gave up",1381.7396774371148,,,
Car 530,119.0,7,12,,,done,,done charging,1381.8083834460203,,,451.29479564640945
Car 639,,7,12,,,start_charge,,starting to charge at Charger 12 (fid=7),1381.8083834460203,,7.432674511530422,
Car 611,109.0,14,19,,,done,,done charging,1382.1867303079848,,,98.6798665363907
Car 633,,,,,18,switch,,"Charger 18 (fid=13) not available, trying Charger 0 (fid=308440)",1382.2398807964291,0,,
Car 614,,,,,6,switch,,"Charger 6 (fid=1) not available, trying Charger 2 (fid=307904)",1382.3927281201313,2,,
Car 637,,14,19,,,start_charge,,starting to charge at Charger 19 (fid=14),1382.472869243037,,10.0,
Car 634,,,,,11,switch,,"Charger 11 (fid=6) not available, trying Charger 18 (fid=13)",1382.5477271584568,18,,
Car 595,,,,,10,switch,,"Charger 10 (fid=4) not available, trying Charger 5 (fid=5)",1383.1674247428255,5,,
Car 609,,,,,14,switch,,"Charger 14 (fid=9) not available, trying Charger 15 (fid=10)",1384.0018595019803,15,,
Car 628,,,,,14,switch,,"Charger 14 (fid=9) not available, trying Charger 11 (fid=6)",1385.3419677128259,11,,
Car 618,,,,,17,switch,,"Charger 17 (fid=12) not available, trying Charger 10 (fid=4)",1385.7513724862267,10,,
Car 613,94.0,8,13,,,done,,done charging,1385.8404102292454,,,244.51614937031866
Car 604,,8,13,,,start_charge,,starting to charge at Charger 13 (fid=8),1386.2472521231232,,75.0,
Car 621,,,,,18,switch,,"Charger 18 (fid=13) not available, trying Charger 9 (fid=3)",1386.2514544084945,9,,
Car 610,,,,,2,switch,,"Charger 2 (fid=307904) not available, trying Charger 3 (fid=307905)",1387.4351860937197,3,,
Car 624,,,,,1,switch,,"Charger 1 (fid=308702) not available, trying Charger 6 (fid=1)",1387.8448413556007,6,,
Car 598,111.0,10,15,,,done,,done charging,1388.1304989722662,,,316.9761150101542
Car 609,,10,15,,,start_charge,,starting to charge at Charger 15 (fid=10),1388.1304989722662,,77.59372811406934,
Car 584,99.0,11,16,,,done,,done charging,1388.1526220783264,,,499.46435222979204
Car 631,,11,16,,,start_charge,,starting to charge at Charger 16 (fid=11),1388.1526220783264,,34.67254651450321,
Car 614,,,,,2,switch,,"Charger 2 (fid=307904) not available, trying Charger 3 (fid=307905)",1388.582581681452,3,,
Car 638,,,,,16,switch,,"Charger 16 (fid=11) not available, trying Charger 11 (fid=6)",1388.7726388106964,11,,
Car 595,,,,,,gave_up,5,"no alternate charger available, gave up",1389.0558247912136,,,
Car 590,100.0,6,11,,,done,,done charging,1389.4245212532517,,,314.34000326158736
Car 622,,,,,0,switch,,"Charger 0 (fid=308440) not available, trying Charger 6 (fid=1)",1389.432858693771,6,,
Car 633,,,,,0,switch,,"Charger 0 (fid=308440) not available, trying Charger 16 (fid=11)",1389.4670740157312,16,,
Car 628,,6,11,,,start_charge,,starting to charge at Charger 11 (fid=6),1389.7579007103764,,35.0,
Car 641,,,,15,,arrived,,arrived,1392.546452273106,,,
Car 610,,,,,3,switch,,"Charger 3 (fid=307905) not available, trying Charger 12 (fid=7)",1392.698812275284,12,,
Car 574,48.0,12,17,,,done,,done charging,1393.2170634217978,,,559.3426712672874
Car 634,,,,,18,switch,,"Charger 18 (fid=13) not available, trying Charger 2 (fid=307904)",1393.3521395677246,2,,
Car 614,,,,,3,switch,,"Charger 3 (fid=307905) not available, trying Charger 18 (fid=13)",1393.8462078630162,18,,
Car 638,,,,,11,switch,,"Charger 11 (fid=6) not available, trying Charger 2 (fid=307904)",1395.9370349441497,2,,
Car 642,,,,23,,arrived,,arrived,1396.9499120993387,,,
Car 633,,,,,16,switch,,"Charger 16 (fid=11) not available, trying Charger 19 (fid=14)",1397.4429243203756,19,,
Car 600,82.0,4,10,,,done,,done charging,1397.4496088197789,,,450.43360507756546
Car 618,,4,10,,,start_charge,,starting to charge at Charger 10 (fid=4),1397.4496088197789,,58.768879595171484,
Car 641,,,,,20,switch,,"Charger 20 (fid=15) not available, trying Charger 9 (fid=3)",1397.546452273106,9,,
Car 615,77.0,10,15,,,done,,done charging,1397.9642150573227,,,275.97320930024534
Car 589,60.0,3,9,,,done,,done charging,1399.1737277227212,,,718.7001947697272
Car 621,,3,9,,,start_charge,,starting to charge at Charger 9 (fid=3),1399.1737277227212,,59.47490299121864,
Car 624,,,,,6,switch,,"Charger 6 (fid=1) not available, trying Charger 17 (fid=12)",1399.7087711578854,17,,
Car 622,,,,,6,switch,,"Charger 6 (fid=1) not available, trying Charger 12 (fid=7)",1399.7119104040416,12,,
Car 610,,,,,12,switch,,"Charger 12 (fid=7) not available, trying Charger 4 (fid=308108)",1400.2943415187947,4,,
Car 608,54.0,11,16,,,done,,done charging,1401.1041594654457,,,518.4260808690842
Car 624,,12,17,,,start_charge,,starting to charge at Charger 17 (fid=12),1401.4793575086753,,50.0,
Car 642,,,,,5,switch,,"Charger 5 (fid=5) not available, trying Charger 1 (fid=308702)",1401.9499120993387,1,,
Car 610,,308108,4,,,start_charge,,starting to charge at Charger 4 (fid=308108),1401.9566708542252,,80.0,
Car 577,54.0,2,7,,,done,,done charging,1401.9707746158574,,,718.2609458049867
Car 638,,,,,2,switch,,"Charger 2 (fid=307904) not available, trying Charger 3 (fid=307905)",1404.261719182609,3,,
Car 634,,,,,2,switch,,"Charger 2 (fid=307904) not available, trying Charger 3 (fid=307905)",1404.4031017972816,3,,
Car 633,,,,,19,switch,,"Charger 19 (fid=14) not available, trying Charger 13 (fid=8)",1404.6728565573128,13,,
Car 614,,,,,18,switch,,"Charger 18 (fid=13) not available, trying Charger 12 (fid=7)",1404.913506924194,12,,
Car 641,,,,,9,switch,,"Charger 9 (fid=3) not available, trying Charger 12 (fid=7)",1405.9779775250925,12,,
Car 622,,,,,12,switch,,"Charger 12 (fid=7) not available, trying Charger 18 (fid=13)",1406.6363492922596,18,,
Car 561,97.0,9,14,,,done,,done charging,1407.2410089761454,,,630.2551474880086
Car 582,94.0,1,6,,,done,,done charging,1407.3401432539408,,,490.8766419807276
Car 643,,,,4,,arrived,,arrived,1408.3489907206422,,,
Car 625,89.0,9,14,,,done,,done charging,1408.6312477738645,,,173.15604487774573
Car 560,61.0,91,8,,,done,,done charging,1409.408226893388,,,515.324144652469
Car 638,,,,,3,switch,,"Charger 3 (fid=307905) not available, trying Charger 18 (fid=13)",1409.5253453641733,18,,
Car 634,,,,,3,switch,,"Charger 3 (fid=307905) not available, trying Charger 14 (fid=9)",1409.6667279788458,14,,
Car 642,,,,,1,switch,,"Charger 1 (fid=308702) not available, trying Charger 10 (fid=4)",1410.5050254567586,10,,
Car 632,61.0,91,8,,,done,,done charging,1411.9546881228055,,,106.24032324567185
Car 643,,,,,11,switch,,"Charger 11 (fid=6) not available, trying Charger 16 (fid=11)",1413.3489907206422,16,,
Car 633,,,,,13,switch,,"Charger 13 (fid=8) not available, trying Charger 15 (fid=10)",1414.5165747703682,15,,
Car 643,,11,16,,,start_charge,,starting to charge at Charger 16 (fid=11),1415.5133868540954,,5.0,
Car 634,,9,14,,,start_charge,,starting to charge at Charger 14 (fid=9),1415.7512941141954,,35.0,
Car 633,,10,15,,,start_charge,,starting to charge at Charger 15 (fid=10),1415.8955598249593,,40.0,
Car 641,,,,,12,switch,,"Charger 12 (fid=7) not available, trying Charger 7 (fid=2)",1416.7517350614985,7,,
Car 614,,,,,12,switch,,"Charger 12 (fid=7) not available, trying Charger 4 (fid=308108)",1417.9719430198188,4,,
Car 642,,,,,10,switch,,"Charger 10 (fid=4) not available, trying Charger 18 (fid=13)",1418.8541412471752,18,,
Car 641,,2,7,,,start_charge,,starting to charge at Charger 7 (fid=2),1418.9359555269532,,15.0,
Car 614,,308108,4,,,start_charge,,starting to charge at Charger 4 (fid=308108),1419.6342723552493,,80.0,
Car 622,,,,,18,switch,,"Charger 18 (fid=13) not available, trying Charger 4 (fid=308108)",1419.6947853878844,4,,
Car 638,,,,,18,switch,,"Charger 18 (fid=13) not available, trying Charger 6 (fid=1)",1420.5926444253512,6,,
Car 644,,,,124,,arrived,,arrived,1421.457016804923,,,
Car 591,111.0,3,9,,,done,,done charging,1424.4208949803838,,,513.8472988701685
Car 620,47.0,8,13,,,done,,done charging,1424.7458771136398,,,555.3868096666623
Car 644,,,,,0,switch,,"Charger 0 (fid=308440) not available, trying Charger 19 (fid=14)",1426.457016804923,19,,
Car 635,67.0,308440,0,,,done,,done charging,1426.7468422087732,,,134.48637214973084
Car 638,,1,6,,,start_charge,,starting to charge at Charger 6 (fid=1),1427.5861708662856,,35.0,
Car 605,104.0,6,11,,,done,,done charging,1428.7647472173085,,,415.59256511345507
Car 642,,,,,18,switch,,"Charger 18 (fid=13) not available, trying Charger 13 (fid=8)",1429.0214117530595,13,,
Car 645,,,,45,,arrived,,arrived,1431.9568224016416,,,
Car 644,,,,,19,switch,,"Charger 19 (fid=14) not available, trying Charger 18 (fid=13)",1433.051411266788,18,,
Car 622,,,,,4,switch,,"Charger 4 (fid=308108) not available, trying Charger 2 (fid=307904)",1433.6801620862507,2,,
Car 616,72.0,1,6,,,done,,done charging,1434.4166425714006,,,356.73201073125136
Car 642,,8,13,,,start_charge,,starting to charge at Charger 13 (fid=8),1435.6887203925153,,20.0,
Car 645,,,,,16,switch,,"Charger 16 (fid=11) not available, trying Charger 11 (fid=6)",1436.9568224016416,11,,
Car 646,,,,73,,arrived,,arrived,1437.5782375316817,,,
Car 646,,9,14,,,start_charge,,starting to charge at Charger 14 (fid=9),1437.5782375316817,,0.0,
Car 645,,6,11,,,start_charge,,starting to charge at Charger 11 (fid=6),1439.1212185350948,,5.0,
